Sum of electronic and zero-point Energies=          -7167.629857
Sum of electronic and thermal Energies=             -7167.597157
Sum of electronic and thermal Enthalpies=           -7167.596213
Sum of electronic and thermal Free Energies=        -7167.708197

Wiberg:
  0.0000   1.3264   0.0318   0.0772   0.0252   1.4313   0.8470   0.0006   0.0045   0.0161   0.0642   0.0016   0.0028   0.0012   0.0145   0.0019   0.0003   0.0002   0.0001   0.0000   0.0000   0.0000   0.0000   0.0000   0.0000   0.0000   0.0000   0.0000   0.0000   0.0000   0.0000   0.0287   0.0090   0.0019   0.0026   0.0003   0.0000   0.0000   0.0000   0.0000 
  1.3264   0.0000   1.2613   0.0223   0.0714   0.0145   0.0054   0.0092   0.0087   1.0486   0.1040   0.0004   0.0017   0.0004   0.0020   0.0005   0.0001   0.0002   0.0001   0.0000   0.0000   0.0000   0.0000   0.0000   0.0000   0.0000   0.0000   0.0000   0.0000   0.0000   0.0000   0.0195   0.0096   0.0176   0.0105   0.0005   0.0000   0.0000   0.0000   0.0000 
  0.0318   1.2613   0.0000   1.4423   0.0186   0.0871   0.0070   0.0041   0.0004   0.0115   0.0477   0.0001   0.0012   0.0003   0.0004   0.0000   0.0000   0.0000   0.0000   0.0000   0.0000   0.0000   0.0000   0.0000   0.0000   0.0000   0.0000   0.0000   0.0000   0.0000   0.0000   0.0233   0.9934   0.0524   0.0180   0.0174   0.0000   0.0000   0.0000   0.0000 
  0.0772   0.0223   1.4423   0.0000   1.3495   0.0147   0.0005   0.8825   0.0097   0.0129   0.0114   0.0001   0.0001   0.0000   0.0002   0.0000   0.0000   0.0000   0.0000   0.0000   0.0000   0.0000   0.0000   0.0000   0.0000   0.0000   0.0000   0.0000   0.0000   0.0000   0.0000   0.0444   0.0155   0.0353   0.0077   0.0004   0.0000   0.0000   0.0000   0.0000 
  0.0252   0.0714   0.0186   1.3495   0.0000   1.3882   0.0077   0.0043   0.0040   0.0058   0.0325   0.0001   0.0008   0.0003   0.0007   0.0001   0.0000   0.0000   0.0000   0.0000   0.0000   0.0000   0.0000   0.0000   0.0000   0.0000   0.0000   0.0000   0.0000   0.0000   0.0000   1.1097   0.0075   0.0016   0.0016   0.0001   0.0000   0.0000   0.0000   0.0000 
  1.4313   0.0145   0.0871   0.0147   1.3882   0.0000   0.0069   0.0093   0.8910   0.0118   0.0053   0.0002   0.0002   0.0001   0.0010   0.0001   0.0000   0.0000   0.0000   0.0000   0.0000   0.0000   0.0000   0.0000   0.0000   0.0000   0.0000   0.0000   0.0000   0.0000   0.0000   0.0523   0.0040   0.0125   0.0032   0.0001   0.0000   0.0000   0.0000   0.0000 
  0.8470   0.0054   0.0070   0.0005   0.0077   0.0069   0.0000   0.0002   0.0023   0.0016   0.0003   0.0014   0.0009   0.0008   0.0301   0.0020   0.0003   0.0002   0.0002   0.0000   0.0000   0.0000   0.0000   0.0000   0.0000   0.0000   0.0000   0.0000   0.0000   0.0000   0.0000   0.0010   0.0005   0.0001   0.0003   0.0001   0.0000   0.0000   0.0000   0.0000 
  0.0006   0.0092   0.0041   0.8825   0.0043   0.0093   0.0002   0.0000   0.0005   0.0006   0.0011   0.0000   0.0000   0.0000   0.0000   0.0000   0.0000   0.0000   0.0000   0.0000   0.0000   0.0000   0.0000   0.0000   0.0000   0.0000   0.0000   0.0000   0.0000   0.0000   0.0000   0.0051   0.0024   0.0014   0.0022   0.0001   0.0000   0.0000   0.0000   0.0000 
  0.0045   0.0087   0.0004   0.0097   0.0040   0.8910   0.0023   0.0005   0.0000   0.0005   0.0013   0.0000   0.0001   0.0000   0.0004   0.0001   0.0000   0.0000   0.0000   0.0000   0.0000   0.0000   0.0000   0.0000   0.0000   0.0000   0.0000   0.0000   0.0000   0.0000   0.0000   0.0048   0.0003   0.0001   0.0000   0.0000   0.0000   0.0000   0.0000   0.0000 
  0.0161   1.0486   0.0115   0.0129   0.0058   0.0118   0.0016   0.0006   0.0005   0.0000   2.6754   0.0015   0.0184   0.0026   0.0025   0.0006   0.0001   0.0008   0.0001   0.0000   0.0000   0.0000   0.0000   0.0000   0.0000   0.0000   0.0000   0.0000   0.0001   0.0001   0.0000   0.0063   0.0024   0.0121   0.0018   0.0001   0.0000   0.0000   0.0000   0.0000 
  0.0642   0.1040   0.0477   0.0114   0.0325   0.0053   0.0003   0.0011   0.0013   2.6754   0.0000   0.0017   0.0296   0.0043   0.0026   0.0005   0.0001   0.0018   0.0002   0.0000   0.0000   0.0000   0.0000   0.0000   0.0000   0.0000   0.0000   0.0000   0.0001   0.0001   0.0000   0.0182   0.0012   0.0164   0.0027   0.0001   0.0000   0.0000   0.0000   0.0000 
  0.0016   0.0004   0.0001   0.0001   0.0001   0.0002   0.0014   0.0000   0.0000   0.0015   0.0017   0.0000   1.1214   1.1408   1.1507   0.6904   0.0299   0.0303   0.0305   0.0009   0.0015   0.0005   0.0001   0.0001   0.0001   0.0000   0.0000   0.0000   0.0013   0.0017   0.0001   0.0001   0.0000   0.0001   0.0000   0.0000   0.0000   0.0000   0.0000   0.0000 
  0.0028   0.0017   0.0012   0.0001   0.0008   0.0002   0.0009   0.0000   0.0001   0.0184   0.0296   1.1214   0.0000   0.1159   0.1199   0.0894   0.0047   0.0041   0.0168   0.0007   0.0019   0.0011   0.0001   0.0012   0.0009   0.0001   0.0001   0.0000   0.0125   0.0205   0.0003   0.0003   0.0001   0.0004   0.0001   0.0000   0.0001   0.0003   0.0001   0.0000 
  0.0012   0.0004   0.0003   0.0000   0.0003   0.0001   0.0008   0.0000   0.0000   0.0026   0.0043   1.1408   0.1159   0.0000   0.1219   0.0916   0.0043   0.0167   0.0048   0.0229   0.0121   0.0020   0.0011   0.0003   0.0005   0.0003   0.0002   0.0000   0.0040   0.0055   0.0003   0.0001   0.0000   0.0001   0.0000   0.0000   0.0001   0.0002   0.0000   0.0000 
  0.0145   0.0020   0.0004   0.0002   0.0007   0.0010   0.0301   0.0000   0.0004   0.0025   0.0026   1.1507   0.1199   0.1219   0.0000   0.0881   0.0163   0.0047   0.0045   0.0013   0.0017   0.0004   0.0001   0.0002   0.0002   0.0001   0.0000   0.0000   0.0014   0.0021   0.0001   0.0004   0.0001   0.0001   0.0000   0.0000   0.0000   0.0001   0.0000   0.0000 
  0.0019   0.0005   0.0000   0.0000   0.0001   0.0001   0.0020   0.0000   0.0001   0.0006   0.0005   0.6904   0.0894   0.0916   0.0881   0.0000   0.8484   0.8730   0.8831   0.0005   0.0007   0.0003   0.0002   0.0001   0.0001   0.0000   0.0001   0.0000   0.0009   0.0015   0.0000   0.0000   0.0000   0.0000   0.0000   0.0000   0.0000   0.0000   0.0000   0.0000 
  0.0003   0.0001   0.0000   0.0000   0.0000   0.0000   0.0003   0.0000   0.0000   0.0001   0.0001   0.0299   0.0047   0.0043   0.0163   0.8484   0.0000   0.0476   0.0487   0.0007   0.0024   0.0011   0.0008   0.0002   0.0002   0.0001   0.0002   0.0000   0.0003   0.0003   0.0000   0.0000   0.0000   0.0000   0.0000   0.0000   0.0001   0.0001   0.0000   0.0000 
  0.0002   0.0002   0.0000   0.0000   0.0000   0.0000   0.0002   0.0000   0.0000   0.0008   0.0018   0.0303   0.0041   0.0167   0.0047   0.8730   0.0476   0.0000   0.0493   0.0001   0.0003   0.0001   0.0001   0.0000   0.0000   0.0000   0.0000   0.0000   0.0001   0.0002   0.0000   0.0000   0.0000   0.0000   0.0000   0.0000   0.0000   0.0000   0.0000   0.0000 
  0.0001   0.0001   0.0000   0.0000   0.0000   0.0000   0.0002   0.0000   0.0000   0.0001   0.0002   0.0305   0.0168   0.0048   0.0045   0.8831   0.0487   0.0493   0.0000   0.0003   0.0002   0.0001   0.0001   0.0000   0.0000   0.0000   0.0000   0.0000   0.0001   0.0002   0.0000   0.0000   0.0000   0.0000   0.0000   0.0000   0.0000   0.0000   0.0000   0.0000 
  0.0000   0.0000   0.0000   0.0000   0.0000   0.0000   0.0000   0.0000   0.0000   0.0000   0.0000   0.0009   0.0007   0.0229   0.0013   0.0005   0.0007   0.0001   0.0003   0.0000   0.8554   0.0053   0.0069   0.0070   0.0077   0.0024   0.0005   0.0002   0.0017   0.0003   0.0010   0.0000   0.0000   0.0000   0.0000   0.0000   0.0005   0.0001   0.0003   0.0001 
  0.0000   0.0000   0.0000   0.0000   0.0000   0.0000   0.0000   0.0000   0.0000   0.0000   0.0000   0.0015   0.0019   0.0121   0.0017   0.0007   0.0024   0.0003   0.0002   0.8554   0.0000   1.3246   1.4318   0.0321   0.0255   0.0045   0.0765   0.0006   0.0161   0.0643   0.0289   0.0000   0.0000   0.0000   0.0000   0.0000   0.0090   0.0019   0.0026   0.0003 
  0.0000   0.0000   0.0000   0.0000   0.0000   0.0000   0.0000   0.0000   0.0000   0.0000   0.0000   0.0005   0.0011   0.0020   0.0004   0.0003   0.0011   0.0001   0.0001   0.0053   1.3246   0.0000   0.0146   1.2607   0.0712   0.0087   0.0225   0.0092   1.0491   0.1051   0.0196   0.0000   0.0000   0.0000   0.0000   0.0000   0.0097   0.0176   0.0105   0.0005 
  0.0000   0.0000   0.0000   0.0000   0.0000   0.0000   0.0000   0.0000   0.0000   0.0000   0.0000   0.0001   0.0001   0.0011   0.0001   0.0002   0.0008   0.0001   0.0001   0.0069   1.4318   0.0146   0.0000   0.0866   1.3869   0.8906   0.0147   0.0093   0.0119   0.0055   0.0524   0.0000   0.0000   0.0000   0.0000   0.0000   0.0040   0.0124   0.0032   0.0001 
  0.0000   0.0000   0.0000   0.0000   0.0000   0.0000   0.0000   0.0000   0.0000   0.0000   0.0000   0.0001   0.0012   0.0003   0.0002   0.0001   0.0002   0.0000   0.0000   0.0070   0.0321   1.2607   0.0866   0.0000   0.0186   0.0004   1.4426   0.0041   0.0115   0.0479   0.0235   0.0000   0.0000   0.0000   0.0000   0.0000   0.9936   0.0523   0.0180   0.0174 
  0.0000   0.0000   0.0000   0.0000   0.0000   0.0000   0.0000   0.0000   0.0000   0.0000   0.0000   0.0001   0.0009   0.0005   0.0002   0.0001   0.0002   0.0000   0.0000   0.0077   0.0255   0.0712   1.3869   0.0186   0.0000   0.0040   1.3489   0.0043   0.0059   0.0326   1.1113   0.0000   0.0000   0.0000   0.0000   0.0000   0.0075   0.0016   0.0016   0.0001 
  0.0000   0.0000   0.0000   0.0000   0.0000   0.0000   0.0000   0.0000   0.0000   0.0000   0.0000   0.0000   0.0001   0.0003   0.0001   0.0000   0.0001   0.0000   0.0000   0.0024   0.0045   0.0087   0.8906   0.0004   0.0040   0.0000   0.0097   0.0005   0.0005   0.0013   0.0048   0.0000   0.0000   0.0000   0.0000   0.0000   0.0003   0.0001   0.0000   0.0000 
  0.0000   0.0000   0.0000   0.0000   0.0000   0.0000   0.0000   0.0000   0.0000   0.0000   0.0000   0.0000   0.0001   0.0002   0.0000   0.0001   0.0002   0.0000   0.0000   0.0005   0.0765   0.0225   0.0147   1.4426   1.3489   0.0097   0.0000   0.8825   0.0130   0.0116   0.0445   0.0000   0.0000   0.0000   0.0000   0.0000   0.0156   0.0353   0.0077   0.0004 
  0.0000   0.0000   0.0000   0.0000   0.0000   0.0000   0.0000   0.0000   0.0000   0.0000   0.0000   0.0000   0.0000   0.0000   0.0000   0.0000   0.0000   0.0000   0.0000   0.0002   0.0006   0.0092   0.0093   0.0041   0.0043   0.0005   0.8825   0.0000   0.0006   0.0011   0.0051   0.0000   0.0000   0.0000   0.0000   0.0000   0.0024   0.0014   0.0022   0.0001 
  0.0000   0.0000   0.0000   0.0000   0.0000   0.0000   0.0000   0.0000   0.0000   0.0001   0.0001   0.0013   0.0125   0.0040   0.0014   0.0009   0.0003   0.0001   0.0001   0.0017   0.0161   1.0491   0.0119   0.0115   0.0059   0.0005   0.0130   0.0006   0.0000   2.6813   0.0064   0.0000   0.0000   0.0000   0.0000   0.0000   0.0025   0.0123   0.0018   0.0001 
  0.0000   0.0000   0.0000   0.0000   0.0000   0.0000   0.0000   0.0000   0.0000   0.0001   0.0001   0.0017   0.0205   0.0055   0.0021   0.0015   0.0003   0.0002   0.0002   0.0003   0.0643   0.1051   0.0055   0.0479   0.0326   0.0013   0.0116   0.0011   2.6813   0.0000   0.0185   0.0000   0.0000   0.0000   0.0000   0.0000   0.0012   0.0167   0.0027   0.0001 
  0.0000   0.0000   0.0000   0.0000   0.0000   0.0000   0.0000   0.0000   0.0000   0.0000   0.0000   0.0001   0.0003   0.0003   0.0001   0.0000   0.0000   0.0000   0.0000   0.0010   0.0289   0.0196   0.0524   0.0235   1.1113   0.0048   0.0445   0.0051   0.0064   0.0185   0.0000   0.0000   0.0000   0.0000   0.0000   0.0000   0.0008   0.0016   0.0005   0.0001 
  0.0287   0.0195   0.0233   0.0444   1.1097   0.0523   0.0010   0.0051   0.0048   0.0063   0.0182   0.0001   0.0003   0.0001   0.0004   0.0000   0.0000   0.0000   0.0000   0.0000   0.0000   0.0000   0.0000   0.0000   0.0000   0.0000   0.0000   0.0000   0.0000   0.0000   0.0000   0.0000   0.0008   0.0016   0.0005   0.0001   0.0000   0.0000   0.0000   0.0000 
  0.0090   0.0096   0.9934   0.0155   0.0075   0.0040   0.0005   0.0024   0.0003   0.0024   0.0012   0.0000   0.0001   0.0000   0.0001   0.0000   0.0000   0.0000   0.0000   0.0000   0.0000   0.0000   0.0000   0.0000   0.0000   0.0000   0.0000   0.0000   0.0000   0.0000   0.0000   0.0008   0.0000   1.7067   1.0720   0.0023   0.0000   0.0000   0.0000   0.0000 
  0.0019   0.0176   0.0524   0.0353   0.0016   0.0125   0.0001   0.0014   0.0001   0.0121   0.0164   0.0001   0.0004   0.0001   0.0001   0.0000   0.0000   0.0000   0.0000   0.0000   0.0000   0.0000   0.0000   0.0000   0.0000   0.0000   0.0000   0.0000   0.0000   0.0000   0.0000   0.0016   1.7067   0.0000   0.1704   0.0070   0.0000   0.0000   0.0000   0.0000 
  0.0026   0.0105   0.0180   0.0077   0.0016   0.0032   0.0003   0.0022   0.0000   0.0018   0.0027   0.0000   0.0001   0.0000   0.0000   0.0000   0.0000   0.0000   0.0000   0.0000   0.0000   0.0000   0.0000   0.0000   0.0000   0.0000   0.0000   0.0000   0.0000   0.0000   0.0000   0.0005   1.0720   0.1704   0.0000   0.6953   0.0000   0.0000   0.0000   0.0000 
  0.0003   0.0005   0.0174   0.0004   0.0001   0.0001   0.0001   0.0001   0.0000   0.0001   0.0001   0.0000   0.0000   0.0000   0.0000   0.0000   0.0000   0.0000   0.0000   0.0000   0.0000   0.0000   0.0000   0.0000   0.0000   0.0000   0.0000   0.0000   0.0000   0.0000   0.0000   0.0001   0.0023   0.0070   0.6953   0.0000   0.0000   0.0000   0.0000   0.0000 
  0.0000   0.0000   0.0000   0.0000   0.0000   0.0000   0.0000   0.0000   0.0000   0.0000   0.0000   0.0000   0.0001   0.0001   0.0000   0.0000   0.0001   0.0000   0.0000   0.0005   0.0090   0.0097   0.0040   0.9936   0.0075   0.0003   0.0156   0.0024   0.0025   0.0012   0.0008   0.0000   0.0000   0.0000   0.0000   0.0000   0.0000   1.7049   1.0729   0.0023 
  0.0000   0.0000   0.0000   0.0000   0.0000   0.0000   0.0000   0.0000   0.0000   0.0000   0.0000   0.0000   0.0003   0.0002   0.0001   0.0000   0.0001   0.0000   0.0000   0.0001   0.0019   0.0176   0.0124   0.0523   0.0016   0.0001   0.0353   0.0014   0.0123   0.0167   0.0016   0.0000   0.0000   0.0000   0.0000   0.0000   1.7049   0.0000   0.1703   0.0070 
  0.0000   0.0000   0.0000   0.0000   0.0000   0.0000   0.0000   0.0000   0.0000   0.0000   0.0000   0.0000   0.0001   0.0000   0.0000   0.0000   0.0000   0.0000   0.0000   0.0003   0.0026   0.0105   0.0032   0.0180   0.0016   0.0000   0.0077   0.0022   0.0018   0.0027   0.0005   0.0000   0.0000   0.0000   0.0000   0.0000   1.0729   0.1703   0.0000   0.6955 
  0.0000   0.0000   0.0000   0.0000   0.0000   0.0000   0.0000   0.0000   0.0000   0.0000   0.0000   0.0000   0.0000   0.0000   0.0000   0.0000   0.0000   0.0000   0.0000   0.0001   0.0003   0.0005   0.0001   0.0174   0.0001   0.0000   0.0004   0.0001   0.0001   0.0001   0.0001   0.0000   0.0000   0.0000   0.0000   0.0000   0.0023   0.0070   0.6955   0.0000 

Freq:
    3.1815     4.4496     9.2169    11.4467    15.6178    24.9062    27.5580    28.5857    43.8551    49.6411    57.3601    60.1785    67.0078    74.7724    85.5400    89.8175   107.9515   138.3061   141.0900   148.4404   149.1395   176.0540   185.3623   189.4982   198.8342   239.9088   240.1619   263.9849   265.5250   280.2695   284.2271   285.3234   317.9017   328.4407   358.9335   359.2331   424.7958   427.8729   428.2346   429.7628   472.9422   475.8480   476.4745   479.1295   539.8506   543.4491   555.1340   558.3639   570.0544   570.9688   588.1940   609.3694   610.7054   626.9570   628.8591   659.4970   659.9509   704.5886   710.4662   732.6251   732.8858   733.6957   799.3289   800.5506   852.9469   853.2067   877.8019   885.6584   938.4372   948.4389   949.6726  1027.0230  1051.9168  1071.0253  1071.4102  1104.6730  1107.2854  1122.7988  1132.5292  1147.1578  1149.7933  1157.5295  1175.5193  1182.7514  1186.5785  1187.8469  1209.2829  1209.9728  1295.5718  1299.1318  1354.0154  1354.3046  1386.6429  1387.1805  1421.9757  1422.8593  1492.2050  1495.3084  1588.8405  1589.7256  1597.5384  1598.1798  1783.6771  1784.8325  2351.0378  2358.4480  3113.3020  3146.8098  3221.3157  3222.2496  3236.2032  3236.2259  3728.9601  3729.6788 
