Sum of electronic and zero-point Energies=          -1643.330092
Sum of electronic and thermal Energies=             -1643.306044
Sum of electronic and thermal Enthalpies=           -1643.305099
Sum of electronic and thermal Free Energies=        -1643.393264

Wiberg:
  0.0000   1.3082   0.0409   0.0930   0.0258   1.4516   0.8622   0.0080   0.0004   0.0092   0.0040   0.0168   0.0626   0.0011   0.0018   0.0007   0.0103   0.0015   0.0003   0.0001   0.0001   0.0000   0.0000   0.0000   0.0000   0.0000   0.0000   0.0000   0.0000   0.0000   0.0000   0.0000   0.0000   0.0000 
  1.3082   0.0000   1.2958   0.0171   0.0785   0.0150   0.0051   0.0035   0.0090   0.0005   0.0091   1.0538   0.1166   0.0004   0.0013   0.0003   0.0021   0.0004   0.0001   0.0002   0.0001   0.0000   0.0000   0.0000   0.0000   0.0000   0.0000   0.0000   0.0000   0.0000   0.0000   0.0000   0.0000   0.0000 
  0.0409   1.2958   0.0000   1.4760   0.0207   0.0989   0.0072   0.9019   0.0039   0.0090   0.0004   0.0164   0.0608   0.0001   0.0013   0.0002   0.0004   0.0000   0.0000   0.0001   0.0000   0.0000   0.0000   0.0000   0.0000   0.0000   0.0000   0.0000   0.0000   0.0000   0.0000   0.0000   0.0000   0.0000 
  0.0930   0.0171   1.4760   0.0000   1.3977   0.0124   0.0004   0.0055   0.9010   0.0036   0.0095   0.0131   0.0086   0.0001   0.0002   0.0001   0.0002   0.0000   0.0000   0.0000   0.0000   0.0000   0.0000   0.0000   0.0000   0.0000   0.0000   0.0000   0.0000   0.0000   0.0000   0.0000   0.0000   0.0000 
  0.0258   0.0785   0.0207   1.3977   0.0000   1.4200   0.0087   0.0097   0.0041   0.9069   0.0040   0.0100   0.0430   0.0001   0.0005   0.0002   0.0004   0.0001   0.0000   0.0000   0.0000   0.0000   0.0000   0.0000   0.0000   0.0000   0.0000   0.0000   0.0000   0.0000   0.0000   0.0000   0.0000   0.0000 
  1.4516   0.0150   0.0989   0.0124   1.4200   0.0000   0.0063   0.0004   0.0093   0.0038   0.9004   0.0121   0.0058   0.0001   0.0002   0.0001   0.0012   0.0001   0.0000   0.0000   0.0000   0.0000   0.0000   0.0000   0.0000   0.0000   0.0000   0.0000   0.0000   0.0000   0.0000   0.0000   0.0000   0.0000 
  0.8622   0.0051   0.0072   0.0004   0.0087   0.0063   0.0000   0.0007   0.0003   0.0004   0.0023   0.0016   0.0004   0.0011   0.0004   0.0006   0.0194   0.0011   0.0002   0.0002   0.0001   0.0000   0.0000   0.0000   0.0000   0.0000   0.0000   0.0000   0.0000   0.0000   0.0000   0.0000   0.0000   0.0000 
  0.0080   0.0035   0.9019   0.0055   0.0097   0.0004   0.0007   0.0000   0.0027   0.0005   0.0003   0.0016   0.0004   0.0000   0.0000   0.0000   0.0001   0.0000   0.0000   0.0000   0.0000   0.0000   0.0000   0.0000   0.0000   0.0000   0.0000   0.0000   0.0000   0.0000   0.0000   0.0000   0.0000   0.0000 
  0.0004   0.0090   0.0039   0.9010   0.0041   0.0093   0.0003   0.0027   0.0000   0.0026   0.0005   0.0007   0.0013   0.0000   0.0001   0.0000   0.0000   0.0000   0.0000   0.0000   0.0000   0.0000   0.0000   0.0000   0.0000   0.0000   0.0000   0.0000   0.0000   0.0000   0.0000   0.0000   0.0000   0.0000 
  0.0092   0.0005   0.0090   0.0036   0.9069   0.0038   0.0004   0.0005   0.0026   0.0000   0.0026   0.0004   0.0000   0.0000   0.0000   0.0000   0.0001   0.0000   0.0000   0.0000   0.0000   0.0000   0.0000   0.0000   0.0000   0.0000   0.0000   0.0000   0.0000   0.0000   0.0000   0.0000   0.0000   0.0000 
  0.0040   0.0091   0.0004   0.0095   0.0040   0.9004   0.0023   0.0003   0.0005   0.0026   0.0000   0.0006   0.0012   0.0000   0.0001   0.0000   0.0003   0.0000   0.0000   0.0000   0.0000   0.0000   0.0000   0.0000   0.0000   0.0000   0.0000   0.0000   0.0000   0.0000   0.0000   0.0000   0.0000   0.0000 
  0.0168   1.0538   0.0164   0.0131   0.0100   0.0121   0.0016   0.0016   0.0007   0.0004   0.0006   0.0000   2.6725   0.0020   0.0234   0.0034   0.0045   0.0008   0.0001   0.0007   0.0001   0.0000   0.0000   0.0000   0.0000   0.0000   0.0000   0.0000   0.0000   0.0000   0.0000   0.0000   0.0003   0.0003 
  0.0626   0.1166   0.0608   0.0086   0.0430   0.0058   0.0004   0.0004   0.0013   0.0000   0.0012   2.6725   0.0000   0.0021   0.0365   0.0053   0.0046   0.0006   0.0002   0.0015   0.0001   0.0000   0.0000   0.0000   0.0000   0.0000   0.0000   0.0000   0.0000   0.0000   0.0000   0.0000   0.0003   0.0003 
  0.0011   0.0004   0.0001   0.0001   0.0001   0.0001   0.0011   0.0000   0.0000   0.0000   0.0000   0.0020   0.0021   0.0000   1.1149   1.1481   1.1531   0.6909   0.0297   0.0301   0.0303   0.0009   0.0013   0.0004   0.0001   0.0001   0.0001   0.0000   0.0000   0.0000   0.0000   0.0000   0.0017   0.0020 
  0.0018   0.0013   0.0013   0.0002   0.0005   0.0002   0.0004   0.0000   0.0001   0.0000   0.0001   0.0234   0.0365   1.1149   0.0000   0.1148   0.1176   0.0902   0.0048   0.0044   0.0170   0.0009   0.0019   0.0005   0.0001   0.0013   0.0005   0.0001   0.0001   0.0000   0.0000   0.0001   0.0212   0.0339 
  0.0007   0.0003   0.0002   0.0001   0.0002   0.0001   0.0006   0.0000   0.0000   0.0000   0.0000   0.0034   0.0053   1.1481   0.1148   0.0000   0.1235   0.0933   0.0044   0.0169   0.0048   0.0189   0.0099   0.0023   0.0012   0.0006   0.0004   0.0002   0.0002   0.0001   0.0001   0.0000   0.0060   0.0068 
  0.0103   0.0021   0.0004   0.0002   0.0004   0.0012   0.0194   0.0001   0.0000   0.0001   0.0003   0.0045   0.0046   1.1531   0.1176   0.1235   0.0000   0.0892   0.0164   0.0047   0.0046   0.0009   0.0013   0.0004   0.0001   0.0003   0.0002   0.0000   0.0000   0.0000   0.0000   0.0000   0.0033   0.0049 
  0.0015   0.0004   0.0000   0.0000   0.0001   0.0001   0.0011   0.0000   0.0000   0.0000   0.0000   0.0008   0.0006   0.6909   0.0902   0.0933   0.0892   0.0000   0.8447   0.8737   0.8829   0.0004   0.0007   0.0003   0.0001   0.0000   0.0000   0.0000   0.0001   0.0000   0.0000   0.0000   0.0005   0.0007 
  0.0003   0.0001   0.0000   0.0000   0.0000   0.0000   0.0002   0.0000   0.0000   0.0000   0.0000   0.0001   0.0002   0.0297   0.0048   0.0044   0.0164   0.8447   0.0000   0.0475   0.0485   0.0004   0.0017   0.0010   0.0006   0.0002   0.0001   0.0000   0.0002   0.0000   0.0000   0.0000   0.0011   0.0006 
  0.0001   0.0002   0.0001   0.0000   0.0000   0.0000   0.0002   0.0000   0.0000   0.0000   0.0000   0.0007   0.0015   0.0301   0.0044   0.0169   0.0047   0.8737   0.0475   0.0000   0.0494   0.0002   0.0003   0.0002   0.0001   0.0000   0.0000   0.0000   0.0000   0.0000   0.0000   0.0000   0.0001   0.0001 
  0.0001   0.0001   0.0000   0.0000   0.0000   0.0000   0.0001   0.0000   0.0000   0.0000   0.0000   0.0001   0.0001   0.0303   0.0170   0.0048   0.0046   0.8829   0.0485   0.0494   0.0000   0.0005   0.0002   0.0001   0.0001   0.0000   0.0000   0.0000   0.0000   0.0000   0.0000   0.0000   0.0001   0.0001 
  0.0000   0.0000   0.0000   0.0000   0.0000   0.0000   0.0000   0.0000   0.0000   0.0000   0.0000   0.0000   0.0000   0.0009   0.0009   0.0189   0.0009   0.0004   0.0004   0.0002   0.0005   0.0000   0.8640   0.0053   0.0065   0.0072   0.0087   0.0023   0.0004   0.0007   0.0004   0.0003   0.0016   0.0004 
  0.0000   0.0000   0.0000   0.0000   0.0000   0.0000   0.0000   0.0000   0.0000   0.0000   0.0000   0.0000   0.0000   0.0013   0.0019   0.0099   0.0013   0.0007   0.0017   0.0003   0.0002   0.8640   0.0000   1.3087   1.4513   0.0409   0.0260   0.0040   0.0925   0.0079   0.0092   0.0004   0.0167   0.0620 
  0.0000   0.0000   0.0000   0.0000   0.0000   0.0000   0.0000   0.0000   0.0000   0.0000   0.0000   0.0000   0.0000   0.0004   0.0005   0.0023   0.0004   0.0003   0.0010   0.0002   0.0001   0.0053   1.3087   0.0000   0.0151   1.2941   0.0784   0.0091   0.0173   0.0035   0.0005   0.0090   1.0534   0.1177 
  0.0000   0.0000   0.0000   0.0000   0.0000   0.0000   0.0000   0.0000   0.0000   0.0000   0.0000   0.0000   0.0000   0.0001   0.0001   0.0012   0.0001   0.0001   0.0006   0.0001   0.0001   0.0065   1.4513   0.0151   0.0000   0.0988   1.4196   0.9004   0.0124   0.0004   0.0038   0.0093   0.0121   0.0056 
  0.0000   0.0000   0.0000   0.0000   0.0000   0.0000   0.0000   0.0000   0.0000   0.0000   0.0000   0.0000   0.0000   0.0001   0.0013   0.0006   0.0003   0.0000   0.0002   0.0000   0.0000   0.0072   0.0409   1.2941   0.0988   0.0000   0.0207   0.0004   1.4762   0.9022   0.0090   0.0039   0.0167   0.0617 
  0.0000   0.0000   0.0000   0.0000   0.0000   0.0000   0.0000   0.0000   0.0000   0.0000   0.0000   0.0000   0.0000   0.0001   0.0005   0.0004   0.0002   0.0000   0.0001   0.0000   0.0000   0.0087   0.0260   0.0784   1.4196   0.0207   0.0000   0.0040   1.3974   0.0097   0.9069   0.0041   0.0101   0.0432 
  0.0000   0.0000   0.0000   0.0000   0.0000   0.0000   0.0000   0.0000   0.0000   0.0000   0.0000   0.0000   0.0000   0.0000   0.0001   0.0002   0.0000   0.0000   0.0000   0.0000   0.0000   0.0023   0.0040   0.0091   0.9004   0.0004   0.0040   0.0000   0.0095   0.0003   0.0026   0.0005   0.0006   0.0011 
  0.0000   0.0000   0.0000   0.0000   0.0000   0.0000   0.0000   0.0000   0.0000   0.0000   0.0000   0.0000   0.0000   0.0000   0.0001   0.0002   0.0000   0.0001   0.0002   0.0000   0.0000   0.0004   0.0925   0.0173   0.0124   1.4762   1.3974   0.0095   0.0000   0.0055   0.0036   0.9009   0.0132   0.0089 
  0.0000   0.0000   0.0000   0.0000   0.0000   0.0000   0.0000   0.0000   0.0000   0.0000   0.0000   0.0000   0.0000   0.0000   0.0000   0.0001   0.0000   0.0000   0.0000   0.0000   0.0000   0.0007   0.0079   0.0035   0.0004   0.9022   0.0097   0.0003   0.0055   0.0000   0.0005   0.0027   0.0016   0.0004 
  0.0000   0.0000   0.0000   0.0000   0.0000   0.0000   0.0000   0.0000   0.0000   0.0000   0.0000   0.0000   0.0000   0.0000   0.0000   0.0001   0.0000   0.0000   0.0000   0.0000   0.0000   0.0004   0.0092   0.0005   0.0038   0.0090   0.9069   0.0026   0.0036   0.0005   0.0000   0.0026   0.0004   0.0000 
  0.0000   0.0000   0.0000   0.0000   0.0000   0.0000   0.0000   0.0000   0.0000   0.0000   0.0000   0.0000   0.0000   0.0000   0.0001   0.0000   0.0000   0.0000   0.0000   0.0000   0.0000   0.0003   0.0004   0.0090   0.0093   0.0039   0.0041   0.0005   0.9009   0.0027   0.0026   0.0000   0.0007   0.0014 
  0.0000   0.0000   0.0000   0.0000   0.0000   0.0000   0.0000   0.0000   0.0000   0.0000   0.0000   0.0003   0.0003   0.0017   0.0212   0.0060   0.0033   0.0005   0.0011   0.0001   0.0001   0.0016   0.0167   1.0534   0.0121   0.0167   0.0101   0.0006   0.0132   0.0016   0.0004   0.0007   0.0000   2.6728 
  0.0000   0.0000   0.0000   0.0000   0.0000   0.0000   0.0000   0.0000   0.0000   0.0000   0.0000   0.0003   0.0003   0.0020   0.0339   0.0068   0.0049   0.0007   0.0006   0.0001   0.0001   0.0004   0.0620   0.1177   0.0056   0.0617   0.0432   0.0011   0.0089   0.0004   0.0000   0.0014   2.6728   0.0000 

Freq:
    6.9964    10.0510    12.1691    20.2655    26.9523    31.6916    37.2878    38.9040    67.1472    74.8472    79.0977    89.8053   111.4917   147.7661   148.4683   181.3514   193.8870   199.4923   202.3501   281.7624   317.7836   326.9124   391.6858   391.7251   403.8730   403.9529   456.0384   459.0280   473.0878   479.5496   523.7846   524.2351   539.5986   543.9287   550.2055   550.6677   587.5317   625.0636   625.6250   677.2763   680.4773   733.1039   764.3543   764.5999   769.7782   770.7666   851.3126   851.6493   941.9080   969.5210   969.7280  1006.7303  1006.8139  1018.1087  1018.5821  1036.6458  1037.0273  1038.0836  1040.0780  1105.8316  1107.0247  1116.4184  1117.3263  1124.4601  1135.4969  1159.9843  1179.9439  1185.7127  1187.9115  1188.3103  1201.6380  1202.3758  1337.1592  1337.5758  1371.9195  1372.2058  1477.4540  1477.5755  1477.8871  1478.2060  1605.6021  1605.7259  1613.0291  1613.2521  2341.8933  2342.9633  3194.0313  3195.5977  3199.2312  3199.7457  3208.9489  3209.1249  3215.8717  3216.1826  3221.7029  3221.8623 
