Sum of electronic and zero-point Energies=          -1506.993692
Sum of electronic and thermal Energies=             -1506.974740
Sum of electronic and thermal Enthalpies=           -1506.973796
Sum of electronic and thermal Free Energies=        -1507.046281

Wiberg:
  0.0000   1.2755   0.0795   0.1381   0.0181   1.4707   0.8630   0.0136   0.0017   0.0157   0.0021   0.0009   0.0005   0.0017   0.0058   0.0094   0.0001   0.0001   0.0002   0.0051   0.0094   0.0033   0.0023 
  1.2755   0.0000   1.6707   0.0183   0.1125   0.0181   0.0085   0.6098   0.0083   0.0194   0.0057   0.0062   0.0021   0.0035   0.0050   0.0406   0.0002   0.0004   0.0009   0.0080   0.0031   0.0116   0.0120 
  0.0795   1.6707   0.0000   1.4795   0.0478   0.0754   0.0098   0.0161   0.0085   0.2381   0.0145   0.0019   0.0021   0.0131   0.0040   0.0884   0.0002   0.0004   0.0005   0.0059   0.0118   0.0049   0.0154 
  0.1381   0.0183   1.4795   0.0000   1.3336   0.0175   0.0005   0.0039   0.8519   0.0067   0.0026   0.0001   0.0001   0.0002   0.0003   0.0012   0.0000   0.0000   0.0000   0.0079   0.0082   0.0160   0.0283 
  0.0181   0.1125   0.0478   1.3336   0.0000   1.3904   0.0080   0.0015   0.0068   0.0088   0.0008   0.0001   0.0002   0.0007   0.0003   0.0048   0.0000   0.0000   0.0000   0.0044   0.9062   0.0742   0.0723 
  1.4707   0.0181   0.0754   0.0175   1.3904   0.0000   0.0036   0.0049   0.0080   0.0010   0.0017   0.0002   0.0001   0.0003   0.0014   0.0019   0.0000   0.0000   0.0001   0.8806   0.0083   0.0270   0.0150 
  0.8630   0.0085   0.0098   0.0005   0.0080   0.0036   0.0000   0.0021   0.0001   0.0007   0.0002   0.0008   0.0005   0.0007   0.0076   0.0039   0.0001   0.0001   0.0001   0.0018   0.0006   0.0008   0.0004 
  0.0136   0.6098   0.0161   0.0039   0.0015   0.0049   0.0021   0.0000   0.0007   0.0026   0.0009   0.0049   0.0027   0.0068   0.0038   0.2041   0.0003   0.0004   0.0005   0.0001   0.0001   0.0001   0.0004 
  0.0017   0.0083   0.0085   0.8519   0.0068   0.0080   0.0001   0.0007   0.0000   0.0016   0.0003   0.0001   0.0001   0.0006   0.0001   0.0040   0.0000   0.0000   0.0000   0.0002   0.0027   0.0061   0.0027 
  0.0157   0.0194   0.2381   0.0067   0.0088   0.0010   0.0007   0.0026   0.0016   0.0000   3.0071   0.0002   0.0003   0.0019   0.0005   0.0119   0.0000   0.0001   0.0001   0.0012   0.0007   0.0003   0.0018 
  0.0021   0.0057   0.0145   0.0026   0.0008   0.0017   0.0002   0.0009   0.0003   3.0071   0.0000   0.0001   0.0001   0.0005   0.0002   0.0029   0.0000   0.0000   0.0000   0.0001   0.0001   0.0000   0.0003 
  0.0009   0.0062   0.0019   0.0001   0.0001   0.0002   0.0008   0.0049   0.0001   0.0002   0.0001   0.0000   0.6788   1.2616   1.1781   0.9590   0.0312   0.0316   0.0309   0.0000   0.0000   0.0000   0.0000 
  0.0005   0.0021   0.0021   0.0001   0.0002   0.0001   0.0005   0.0027   0.0001   0.0003   0.0001   0.6788   0.0000   0.1011   0.0934   0.0747   0.8750   0.8774   0.8583   0.0000   0.0000   0.0000   0.0001 
  0.0017   0.0035   0.0131   0.0002   0.0007   0.0003   0.0007   0.0068   0.0006   0.0019   0.0005   1.2616   0.1011   0.0000   0.1434   0.1093   0.0048   0.0050   0.0175   0.0000   0.0001   0.0000   0.0002 
  0.0058   0.0050   0.0040   0.0003   0.0003   0.0014   0.0076   0.0038   0.0001   0.0005   0.0002   1.1781   0.0934   0.1434   0.0000   0.1088   0.0169   0.0044   0.0051   0.0001   0.0001   0.0001   0.0001 
  0.0094   0.0406   0.0884   0.0012   0.0048   0.0019   0.0039   0.2041   0.0040   0.0119   0.0029   0.9590   0.0747   0.1093   0.1088   0.0000   0.0040   0.0149   0.0032   0.0000   0.0009   0.0004   0.0013 
  0.0001   0.0002   0.0002   0.0000   0.0000   0.0000   0.0001   0.0003   0.0000   0.0000   0.0000   0.0312   0.8750   0.0048   0.0169   0.0040   0.0000   0.0490   0.0479   0.0000   0.0000   0.0000   0.0000 
  0.0001   0.0004   0.0004   0.0000   0.0000   0.0000   0.0001   0.0004   0.0000   0.0001   0.0000   0.0316   0.8774   0.0050   0.0044   0.0149   0.0490   0.0000   0.0480   0.0000   0.0000   0.0000   0.0000 
  0.0002   0.0009   0.0005   0.0000   0.0000   0.0001   0.0001   0.0005   0.0000   0.0001   0.0000   0.0309   0.8583   0.0175   0.0051   0.0032   0.0479   0.0480   0.0000   0.0000   0.0000   0.0000   0.0000 
  0.0051   0.0080   0.0059   0.0079   0.0044   0.8806   0.0018   0.0001   0.0002   0.0012   0.0001   0.0000   0.0000   0.0000   0.0001   0.0000   0.0000   0.0000   0.0000   0.0000   0.0021   0.0016   0.0042 
  0.0094   0.0031   0.0118   0.0082   0.9062   0.0083   0.0006   0.0001   0.0027   0.0007   0.0001   0.0000   0.0000   0.0001   0.0001   0.0009   0.0000   0.0000   0.0000   0.0021   0.0000   1.4995   1.5131 
  0.0033   0.0116   0.0049   0.0160   0.0742   0.0270   0.0008   0.0001   0.0061   0.0003   0.0000   0.0000   0.0000   0.0000   0.0001   0.0004   0.0000   0.0000   0.0000   0.0016   1.4995   0.0000   0.4082 
  0.0023   0.0120   0.0154   0.0283   0.0723   0.0150   0.0004   0.0004   0.0027   0.0018   0.0003   0.0000   0.0001   0.0002   0.0001   0.0013   0.0000   0.0000   0.0000   0.0042   1.5131   0.4082   0.0000 

Freq:
 -129.2051    14.4389    18.3070    33.4653    44.2222    46.3207    58.9638    70.4816    79.6812   107.4618   146.5511   174.4757   176.8335   185.0521   195.0375   206.5849   277.4963   285.7079   311.3301   328.7081   392.9023   428.2494   467.9754   471.3472   485.5707   521.0153   539.8188   543.0962   576.3380   593.8559   609.2789   616.4652   733.3173   734.4241   807.5617   828.1102   857.9396   871.7790   942.5478   999.6752  1007.4685  1047.7986  1075.7484  1108.3555  1119.6705  1145.5230  1161.4480  1177.0783  1196.1746  1238.6209  1280.8431  1301.2331  1372.6227  1439.4781  1486.6722  1498.6493  1627.9002  1680.9995  1763.0637  2443.8690  3187.0470  3236.8102  3252.7924 
