Sum of electronic and zero-point Energies=           -683.948035
Sum of electronic and thermal Energies=              -683.932832
Sum of electronic and thermal Enthalpies=            -683.931888
Sum of electronic and thermal Free Energies=         -683.993123

Wiberg:
  0.0000   1.4802   0.0369   0.1092   0.0143   1.3178   0.9036   0.0057   0.0144   0.0043   0.0089   0.0004   0.0001   0.0001   0.0008   0.0001   0.0000   0.0000   0.0000   0.0381   0.0124   0.0010   0.0001   0.0010 
  1.4802   0.0000   1.3558   0.0313   0.1162   0.0122   0.0045   0.8987   0.0151   0.0117   0.0004   0.0019   0.0002   0.0001   0.0009   0.0000   0.0000   0.0000   0.0000   0.0104   0.0015   0.0002   0.0001   0.0002 
  0.0369   1.3558   0.0000   1.7307   0.0438   0.0723   0.0105   0.0047   0.5283   0.0424   0.0078   0.0063   0.0037   0.0006   0.0185   0.0020   0.0000   0.0000   0.0002   0.0206   0.0004   0.0011   0.0001   0.0011 
  0.1092   0.0313   1.7307   0.0000   1.3389   0.0303   0.0017   0.0153   0.0885   0.0573   0.0188   0.1653   0.0028   0.0024   0.0308   0.0011   0.0001   0.0001   0.0004   0.0109   0.0008   0.0002   0.0003   0.0002 
  0.0143   0.1162   0.0438   1.3389   0.0000   1.4050   0.0096   0.0008   0.0215   0.0064   0.9010   0.0028   0.0003   0.0003   0.0026   0.0001   0.0000   0.0000   0.0000   0.0707   0.0032   0.0047   0.0011   0.0047 
  1.3178   0.0122   0.0723   0.0303   1.4050   0.0000   0.0035   0.0089   0.0059   0.0107   0.0021   0.0024   0.0001   0.0001   0.0012   0.0000   0.0000   0.0000   0.0000   1.0128   0.0124   0.0015   0.0067   0.0015 
  0.9036   0.0045   0.0105   0.0017   0.0096   0.0035   0.0000   0.0026   0.0011   0.0002   0.0008   0.0000   0.0001   0.0000   0.0001   0.0000   0.0000   0.0000   0.0000   0.0032   0.0003   0.0000   0.0001   0.0000 
  0.0057   0.8987   0.0047   0.0153   0.0008   0.0089   0.0026   0.0000   0.0017   0.0007   0.0006   0.0005   0.0002   0.0000   0.0010   0.0001   0.0000   0.0000   0.0000   0.0003   0.0004   0.0000   0.0000   0.0000 
  0.0144   0.0151   0.5283   0.0885   0.0215   0.0059   0.0011   0.0017   0.0000   2.8855   0.0002   0.0032   0.0098   0.0008   0.0070   0.0019   0.0001   0.0001   0.0001   0.0042   0.0001   0.0001   0.0000   0.0001 
  0.0043   0.0117   0.0424   0.0573   0.0064   0.0107   0.0002   0.0007   2.8855   0.0000   0.0001   0.0012   0.0136   0.0012   0.0041   0.0022   0.0000   0.0000   0.0001   0.0053   0.0000   0.0002   0.0000   0.0002 
  0.0089   0.0004   0.0078   0.0188   0.9010   0.0021   0.0008   0.0006   0.0002   0.0001   0.0000   0.0013   0.0005   0.0001   0.0027   0.0001   0.0000   0.0000   0.0000   0.0031   0.0022   0.0003   0.0002   0.0003 
  0.0004   0.0019   0.0063   0.1653   0.0028   0.0024   0.0000   0.0005   0.0032   0.0012   0.0013   0.0000   0.0076   0.0057   0.5436   0.0179   0.0001   0.0001   0.0005   0.0002   0.0000   0.0000   0.0000   0.0000 
  0.0001   0.0002   0.0037   0.0028   0.0003   0.0001   0.0001   0.0002   0.0098   0.0136   0.0005   0.0076   0.0000   1.6621   0.1717   0.0480   0.0167   0.0167   0.0025   0.0000   0.0000   0.0000   0.0000   0.0000 
  0.0001   0.0001   0.0006   0.0024   0.0003   0.0001   0.0000   0.0000   0.0008   0.0012   0.0001   0.0057   1.6621   0.0000   1.1145   1.0008   0.0061   0.0061   0.0038   0.0000   0.0000   0.0000   0.0000   0.0000 
  0.0008   0.0009   0.0185   0.0308   0.0026   0.0012   0.0001   0.0010   0.0070   0.0041   0.0027   0.5436   0.1717   1.1145   0.0000   0.0186   0.0039   0.0039   0.0086   0.0001   0.0000   0.0001   0.0000   0.0001 
  0.0001   0.0000   0.0020   0.0011   0.0001   0.0000   0.0000   0.0001   0.0019   0.0022   0.0001   0.0179   0.0480   1.0008   0.0186   0.0000   0.9161   0.9161   0.9286   0.0000   0.0000   0.0000   0.0000   0.0000 
  0.0000   0.0000   0.0000   0.0001   0.0000   0.0000   0.0000   0.0000   0.0001   0.0000   0.0000   0.0001   0.0167   0.0061   0.0039   0.9161   0.0000   0.0011   0.0008   0.0000   0.0000   0.0000   0.0000   0.0000 
  0.0000   0.0000   0.0000   0.0001   0.0000   0.0000   0.0000   0.0000   0.0001   0.0000   0.0000   0.0001   0.0167   0.0061   0.0039   0.9161   0.0011   0.0000   0.0008   0.0000   0.0000   0.0000   0.0000   0.0000 
  0.0000   0.0000   0.0002   0.0004   0.0000   0.0000   0.0000   0.0000   0.0001   0.0001   0.0000   0.0005   0.0025   0.0038   0.0086   0.9286   0.0008   0.0008   0.0000   0.0000   0.0000   0.0000   0.0000   0.0000 
  0.0381   0.0104   0.0206   0.0109   0.0707   1.0128   0.0032   0.0003   0.0042   0.0053   0.0031   0.0002   0.0000   0.0000   0.0001   0.0000   0.0000   0.0000   0.0000   0.0000   0.8903   0.0194   0.0091   0.0194 
  0.0124   0.0015   0.0004   0.0008   0.0032   0.0124   0.0003   0.0004   0.0001   0.0000   0.0022   0.0000   0.0000   0.0000   0.0000   0.0000   0.0000   0.0000   0.0000   0.8903   0.0000   0.9352   0.9361   0.9352 
  0.0010   0.0002   0.0011   0.0002   0.0047   0.0015   0.0000   0.0000   0.0001   0.0002   0.0003   0.0000   0.0000   0.0000   0.0001   0.0000   0.0000   0.0000   0.0000   0.0194   0.9352   0.0000   0.0006   0.0006 
  0.0001   0.0001   0.0001   0.0003   0.0011   0.0067   0.0001   0.0000   0.0000   0.0000   0.0002   0.0000   0.0000   0.0000   0.0000   0.0000   0.0000   0.0000   0.0000   0.0091   0.9361   0.0006   0.0000   0.0006 
  0.0010   0.0002   0.0011   0.0002   0.0047   0.0015   0.0000   0.0000   0.0001   0.0002   0.0003   0.0000   0.0000   0.0000   0.0001   0.0000   0.0000   0.0000   0.0000   0.0194   0.9352   0.0006   0.0006   0.0000 

Freq:
 -358.6623    23.6629    39.9348    61.2953    67.5930    75.3227    99.1435   108.4570   111.7625   127.9355   166.2893   193.8783   257.7293   258.0349   348.9292   355.6139   432.5723   446.6617   455.1511   497.1695   545.8385   580.4046   603.5730   623.1743   682.8481   750.8707   804.2008   881.6848   893.1510   933.4550   947.7399  1011.4211  1023.3126  1049.0048  1052.0052  1077.3538  1117.5518  1157.8999  1191.4137  1250.0283  1265.6824  1296.7655  1360.7984  1375.4118  1393.5526  1441.6533  1443.0798  1453.4041  1463.7810  1472.8268  1474.5906  1478.2579  1558.5679  1667.0349  1741.7983  2352.3173  2601.9222  3016.7702  3049.8572  3086.6951  3116.0082  3152.1597  3163.6398  3185.5087  3200.9732  3214.1003 
