Sum of electronic and zero-point Energies=           -879.961144
Sum of electronic and thermal Energies=              -879.945334
Sum of electronic and thermal Enthalpies=            -879.944390
Sum of electronic and thermal Free Energies=         -880.006029

Wiberg:
  0.0000   1.3463   0.0547   0.1109   0.0197   1.3841   0.8936   0.0088   0.0013   0.0100   0.0133   0.0019   0.0004   0.0004   0.0013   0.0070   0.0010   0.0708   0.0032   0.0009   0.0046   0.0045 
  1.3463   0.0000   1.5021   0.0149   0.1190   0.0127   0.0049   0.8479   0.0063   0.0008   0.0143   0.0044   0.0014   0.0010   0.0046   0.0143   0.0069   0.0086   0.0007   0.0000   0.0001   0.0001 
  0.0547   1.5021   0.0000   1.4499   0.0536   0.0733   0.0108   0.0109   0.0092   0.0111   0.3462   0.0220   0.0020   0.0070   0.0026   0.1680   0.0029   0.0230   0.0008   0.0001   0.0012   0.0012 
  0.1109   0.0149   1.4499   0.0000   1.4084   0.0112   0.0007   0.0060   0.8763   0.0048   0.0130   0.0039   0.0007   0.0004   0.0002   0.0131   0.0005   0.0098   0.0014   0.0001   0.0002   0.0002 
  0.0197   0.1190   0.0536   1.4084   0.0000   1.3493   0.0093   0.0011   0.0082   0.8933   0.0127   0.0020   0.0001   0.0004   0.0009   0.0064   0.0002   0.0457   0.0123   0.0001   0.0011   0.0011 
  1.3841   0.0127   0.0733   0.0112   1.3493   0.0000   0.0033   0.0069   0.0077   0.0036   0.0029   0.0020   0.0002   0.0002   0.0001   0.0052   0.0002   1.0252   0.0122   0.0066   0.0015   0.0014 
  0.8936   0.0049   0.0108   0.0007   0.0093   0.0033   0.0000   0.0029   0.0001   0.0011   0.0009   0.0002   0.0000   0.0001   0.0000   0.0007   0.0001   0.0037   0.0019   0.0001   0.0003   0.0003 
  0.0088   0.8479   0.0109   0.0060   0.0011   0.0069   0.0029   0.0000   0.0010   0.0000   0.0024   0.0005   0.0005   0.0009   0.0009   0.0028   0.0070   0.0007   0.0001   0.0001   0.0000   0.0000 
  0.0013   0.0063   0.0092   0.8763   0.0082   0.0077   0.0001   0.0010   0.0000   0.0032   0.0024   0.0005   0.0001   0.0002   0.0000   0.0022   0.0001   0.0002   0.0003   0.0000   0.0000   0.0000 
  0.0100   0.0008   0.0111   0.0048   0.8933   0.0036   0.0011   0.0000   0.0032   0.0000   0.0010   0.0002   0.0000   0.0001   0.0000   0.0008   0.0000   0.0034   0.0003   0.0001   0.0000   0.0000 
  0.0133   0.0143   0.3462   0.0130   0.0127   0.0029   0.0009   0.0024   0.0024   0.0010   0.0000   2.9901   0.0012   0.0014   0.0009   0.0309   0.0060   0.0015   0.0002   0.0000   0.0001   0.0000 
  0.0019   0.0044   0.0220   0.0039   0.0020   0.0020   0.0002   0.0005   0.0005   0.0002   2.9901   0.0000   0.0005   0.0003   0.0004   0.0145   0.0053   0.0010   0.0000   0.0000   0.0001   0.0000 
  0.0004   0.0014   0.0020   0.0007   0.0001   0.0002   0.0000   0.0005   0.0001   0.0000   0.0012   0.0005   0.0000   0.6835   0.6492   0.5028   0.6058   0.0001   0.0000   0.0000   0.0000   0.0000 
  0.0004   0.0010   0.0070   0.0004   0.0004   0.0002   0.0001   0.0009   0.0002   0.0001   0.0014   0.0003   0.6835   0.0000   0.0212   0.0162   0.0199   0.0001   0.0000   0.0000   0.0000   0.0000 
  0.0013   0.0046   0.0026   0.0002   0.0009   0.0001   0.0000   0.0009   0.0000   0.0000   0.0009   0.0004   0.6492   0.0212   0.0000   0.0175   0.0198   0.0000   0.0000   0.0000   0.0000   0.0000 
  0.0070   0.0143   0.1680   0.0131   0.0064   0.0052   0.0007   0.0028   0.0022   0.0008   0.0309   0.0145   0.5028   0.0162   0.0175   0.0000   0.0171   0.0013   0.0001   0.0000   0.0000   0.0001 
  0.0010   0.0069   0.0029   0.0005   0.0002   0.0002   0.0001   0.0070   0.0001   0.0000   0.0060   0.0053   0.6058   0.0199   0.0198   0.0171   0.0000   0.0001   0.0000   0.0000   0.0000   0.0000 
  0.0708   0.0086   0.0230   0.0098   0.0457   1.0252   0.0037   0.0007   0.0002   0.0034   0.0015   0.0010   0.0001   0.0001   0.0000   0.0013   0.0001   0.0000   0.8829   0.0084   0.0183   0.0178 
  0.0032   0.0007   0.0008   0.0014   0.0123   0.0122   0.0019   0.0001   0.0003   0.0003   0.0002   0.0000   0.0000   0.0000   0.0000   0.0001   0.0000   0.8829   0.0000   0.9334   0.9361   0.9345 
  0.0009   0.0000   0.0001   0.0001   0.0001   0.0066   0.0001   0.0001   0.0000   0.0001   0.0000   0.0000   0.0000   0.0000   0.0000   0.0000   0.0000   0.0084   0.9334   0.0000   0.0006   0.0006 
  0.0046   0.0001   0.0012   0.0002   0.0011   0.0015   0.0003   0.0000   0.0000   0.0000   0.0001   0.0001   0.0000   0.0000   0.0000   0.0000   0.0000   0.0183   0.9361   0.0006   0.0000   0.0005 
  0.0045   0.0001   0.0012   0.0002   0.0011   0.0014   0.0003   0.0000   0.0000   0.0000   0.0000   0.0000   0.0000   0.0000   0.0000   0.0001   0.0000   0.0178   0.9345   0.0006   0.0005   0.0000 

Freq:
 -339.7053    34.4270    48.9236    52.2131    73.5061    79.5432    86.2859   114.7503   119.9860   156.4503   207.4635   213.7298   271.1172   280.7323   296.4183   330.9004   344.5569   428.3536   438.3115   455.7977   473.1184   476.5145   487.7303   546.2629   576.8360   627.8408   692.7336   704.6839   742.0307   802.0081   865.9280   905.7854   936.8064   945.6650  1032.1070  1053.9279  1062.9486  1091.7996  1147.1924  1157.7618  1174.7415  1194.5449  1266.2405  1283.6593  1321.9685  1422.5936  1441.9917  1459.0504  1475.1961  1477.5762  1576.3200  1693.5533  2436.5431  3019.0807  3092.2432  3163.9892  3208.9002  3227.8590  3239.9353  3253.9911 
