Sum of electronic and zero-point Energies=           -915.717582
Sum of electronic and thermal Energies=              -915.705839
Sum of electronic and thermal Enthalpies=            -915.704895
Sum of electronic and thermal Free Energies=         -915.756958

Wiberg:
  0.0000   1.4346   0.0473   0.1231   0.0185   1.3352   0.8943   0.0067   0.0009   0.0088   0.0081   0.0013   0.0130   0.0423   0.0124   0.0011   0.0001   0.0011 
  1.4346   0.0000   1.4270   0.0187   0.1229   0.0109   0.0046   0.8861   0.0041   0.0005   0.0055   0.0035   0.0040   0.0094   0.0015   0.0002   0.0001   0.0002 
  0.0473   1.4270   0.0000   1.7244   0.0529   0.0751   0.0111   0.0048   0.0100   0.0076   0.2279   0.0153   0.2283   0.0244   0.0005   0.0011   0.0001   0.0011 
  0.1231   0.0187   1.7244   0.0000   1.3033   0.0160   0.0022   0.0099   0.5769   0.0088   0.0223   0.0176   0.0534   0.0084   0.0008   0.0002   0.0001   0.0002 
  0.0185   0.1229   0.0529   1.3033   0.0000   1.4056   0.0095   0.0010   0.0095   0.8929   0.0114   0.0035   0.0205   0.0740   0.0033   0.0048   0.0009   0.0048 
  1.3352   0.0109   0.0751   0.0160   1.4056   0.0000   0.0035   0.0080   0.0041   0.0026   0.0013   0.0020   0.0025   1.0217   0.0121   0.0015   0.0066   0.0015 
  0.8943   0.0046   0.0111   0.0022   0.0095   0.0035   0.0000   0.0027   0.0001   0.0008   0.0007   0.0002   0.0035   0.0031   0.0003   0.0000   0.0001   0.0000 
  0.0067   0.8861   0.0048   0.0099   0.0010   0.0080   0.0027   0.0000   0.0004   0.0003   0.0013   0.0003   0.0087   0.0003   0.0004   0.0000   0.0000   0.0000 
  0.0009   0.0041   0.0100   0.5769   0.0095   0.0041   0.0001   0.0004   0.0000   0.0014   0.0025   0.0011   0.3278   0.0003   0.0000   0.0000   0.0000   0.0000 
  0.0088   0.0005   0.0076   0.0088   0.8929   0.0026   0.0008   0.0003   0.0014   0.0000   0.0001   0.0000   0.0075   0.0031   0.0019   0.0003   0.0002   0.0003 
  0.0081   0.0055   0.2279   0.0223   0.0114   0.0013   0.0007   0.0013   0.0025   0.0001   0.0000   2.9533   0.0412   0.0012   0.0001   0.0000   0.0000   0.0000 
  0.0013   0.0035   0.0153   0.0176   0.0035   0.0020   0.0002   0.0003   0.0011   0.0000   2.9533   0.0000   0.0429   0.0012   0.0000   0.0000   0.0000   0.0000 
  0.0130   0.0040   0.2283   0.0534   0.0205   0.0025   0.0035   0.0087   0.3278   0.0075   0.0412   0.0429   0.0000   0.0002   0.0001   0.0000   0.0001   0.0000 
  0.0423   0.0094   0.0244   0.0084   0.0740   1.0217   0.0031   0.0003   0.0003   0.0031   0.0012   0.0012   0.0002   0.0000   0.8838   0.0182   0.0084   0.0182 
  0.0124   0.0015   0.0005   0.0008   0.0033   0.0121   0.0003   0.0004   0.0000   0.0019   0.0001   0.0000   0.0001   0.8838   0.0000   0.9351   0.9348   0.9351 
  0.0011   0.0002   0.0011   0.0002   0.0048   0.0015   0.0000   0.0000   0.0000   0.0003   0.0000   0.0000   0.0000   0.0182   0.9351   0.0000   0.0006   0.0005 
  0.0001   0.0001   0.0001   0.0001   0.0009   0.0066   0.0001   0.0000   0.0000   0.0002   0.0000   0.0000   0.0001   0.0084   0.9348   0.0006   0.0000   0.0006 
  0.0011   0.0002   0.0011   0.0002   0.0048   0.0015   0.0000   0.0000   0.0000   0.0003   0.0000   0.0000   0.0000   0.0182   0.9351   0.0005   0.0006   0.0000 

Freq:
 -140.1049    49.3277    75.3135    77.3624    99.2903   103.1642   150.2393   201.5436   215.8490   234.4565   278.5952   302.0608   426.4230   438.6540   444.2493   547.5793   592.9456   629.4919   720.9848   765.7379   840.6425   931.0702   931.5131  1023.9087  1037.0965  1070.4883  1092.9843  1144.1171  1158.0661  1194.0276  1251.9068  1274.9554  1330.8093  1402.7441  1445.4300  1454.0154  1474.2795  1477.4622  1525.3872  1544.5249  1802.7736  2388.7663  3020.6374  3093.1500  3160.8955  3199.9018  3215.5399  3234.8269 
