Sum of electronic and zero-point Energies=          -1245.160594
Sum of electronic and thermal Energies=             -1245.144091
Sum of electronic and thermal Enthalpies=           -1245.143146
Sum of electronic and thermal Free Energies=        -1245.209168

Wiberg:
  0.0000   1.2837   0.0684   0.1332   0.0166   1.4336   0.8547   0.0127   0.0012   0.0091   0.0176   0.0028   0.0007   0.0014   0.0047   0.0087   0.0004   0.0000   0.0086   0.0164   0.0313 
  1.2837   0.0000   1.6780   0.0234   0.1243   0.0164   0.0092   0.5727   0.0091   0.0014   0.0273   0.0109   0.0057   0.0033   0.0045   0.0430   0.0013   0.0000   0.0076   0.0021   0.0030 
  0.0684   1.6780   0.0000   1.4370   0.0466   0.0748   0.0078   0.0160   0.0061   0.0110   0.3200   0.0183   0.0018   0.0118   0.0026   0.0862   0.0018   0.0000   0.0064   0.0080   0.0085 
  0.1332   0.0234   1.4370   0.0000   1.4043   0.0116   0.0005   0.0040   0.8801   0.0048   0.0084   0.0039   0.0001   0.0002   0.0003   0.0013   0.0001   0.0000   0.0075   0.0044   0.0018 
  0.0166   0.1243   0.0466   1.4043   0.0000   1.3759   0.0087   0.0013   0.0076   0.8756   0.0121   0.0010   0.0002   0.0007   0.0002   0.0050   0.0002   0.0000   0.0073   0.0286   0.0141 
  1.4336   0.0164   0.0748   0.0116   1.3759   0.0000   0.0037   0.0044   0.0078   0.0040   0.0019   0.0029   0.0002   0.0003   0.0014   0.0019   0.0001   0.0000   0.9080   0.0713   0.0696 
  0.8547   0.0092   0.0078   0.0005   0.0087   0.0037   0.0000   0.0019   0.0001   0.0008   0.0004   0.0001   0.0006   0.0007   0.0056   0.0038   0.0003   0.0000   0.0020   0.0041   0.0015 
  0.0127   0.5727   0.0160   0.0040   0.0013   0.0044   0.0019   0.0000   0.0007   0.0000   0.0035   0.0011   0.0042   0.0073   0.0036   0.2342   0.0022   0.0001   0.0001   0.0002   0.0003 
  0.0012   0.0091   0.0061   0.8801   0.0076   0.0078   0.0001   0.0007   0.0000   0.0027   0.0016   0.0003   0.0001   0.0005   0.0001   0.0038   0.0001   0.0000   0.0002   0.0007   0.0002 
  0.0091   0.0014   0.0110   0.0048   0.8756   0.0040   0.0008   0.0000   0.0027   0.0000   0.0011   0.0002   0.0000   0.0002   0.0001   0.0010   0.0000   0.0000   0.0022   0.0020   0.0056 
  0.0176   0.0273   0.3200   0.0084   0.0121   0.0019   0.0004   0.0035   0.0016   0.0011   0.0000   2.9916   0.0003   0.0024   0.0004   0.0164   0.0003   0.0000   0.0014   0.0002   0.0003 
  0.0028   0.0109   0.0183   0.0039   0.0010   0.0029   0.0001   0.0011   0.0003   0.0002   2.9916   0.0000   0.0002   0.0009   0.0003   0.0055   0.0001   0.0000   0.0002   0.0003   0.0004 
  0.0007   0.0057   0.0018   0.0001   0.0002   0.0002   0.0006   0.0042   0.0001   0.0000   0.0003   0.0002   0.0000   1.2638   1.2251   0.9563   0.6938   0.0030   0.0000   0.0000   0.0000 
  0.0014   0.0033   0.0118   0.0002   0.0007   0.0003   0.0007   0.0073   0.0005   0.0002   0.0024   0.0009   1.2638   0.0000   0.1390   0.1006   0.0987   0.0024   0.0000   0.0000   0.0000 
  0.0047   0.0045   0.0026   0.0003   0.0002   0.0014   0.0056   0.0036   0.0001   0.0001   0.0004   0.0003   1.2251   0.1390   0.0000   0.1109   0.0822   0.0088   0.0001   0.0001   0.0001 
  0.0087   0.0430   0.0862   0.0013   0.0050   0.0019   0.0038   0.2342   0.0038   0.0010   0.0164   0.0055   0.9563   0.1006   0.1109   0.0000   0.0684   0.0027   0.0001   0.0001   0.0002 
  0.0004   0.0013   0.0018   0.0001   0.0002   0.0001   0.0003   0.0022   0.0001   0.0000   0.0003   0.0001   0.6938   0.0987   0.0822   0.0684   0.0000   0.7232   0.0000   0.0000   0.0000 
  0.0000   0.0000   0.0000   0.0000   0.0000   0.0000   0.0000   0.0001   0.0000   0.0000   0.0000   0.0000   0.0030   0.0024   0.0088   0.0027   0.7232   0.0000   0.0000   0.0000   0.0000 
  0.0086   0.0076   0.0064   0.0075   0.0073   0.9080   0.0020   0.0001   0.0002   0.0022   0.0014   0.0002   0.0000   0.0000   0.0001   0.0001   0.0000   0.0000   0.0000   1.5218   1.4924 
  0.0164   0.0021   0.0080   0.0044   0.0286   0.0713   0.0041   0.0002   0.0007   0.0020   0.0002   0.0003   0.0000   0.0000   0.0001   0.0001   0.0000   0.0000   1.5218   0.0000   0.4122 
  0.0313   0.0030   0.0085   0.0018   0.0141   0.0696   0.0015   0.0003   0.0002   0.0056   0.0003   0.0004   0.0000   0.0000   0.0001   0.0002   0.0000   0.0000   1.4924   0.4122   0.0000 

Freq:
 -246.6318    21.0872    26.0247    39.1843    39.9951    51.4492    67.6397    95.6716   108.3584   142.3119   147.1260   182.0934   201.8447   268.2109   295.0888   337.2484   370.9963   389.7090   427.5205   459.2926   485.6606   502.6202   512.2503   527.0915   546.0291   623.9827   630.1806   720.1029   729.7658   791.8145   812.3012   837.8403   938.6047   943.4408   964.2660  1002.4886  1061.7314  1091.8189  1123.1408  1132.1947  1144.0229  1191.9092  1267.6630  1278.6186  1329.5905  1383.6582  1435.8318  1467.0296  1477.5093  1524.9263  1626.6530  1754.5588  2435.2326  3216.1084  3227.5096  3249.3806  3771.2206 
