Sum of electronic and zero-point Energies=          -1506.992034
Sum of electronic and thermal Energies=             -1506.973055
Sum of electronic and thermal Enthalpies=           -1506.972111
Sum of electronic and thermal Free Energies=        -1507.044991

Wiberg:
  0.0000   1.2778   0.0753   0.1346   0.0170   1.4335   0.8513   0.0134   0.0013   0.0092   0.0155   0.0021   0.0008   0.0004   0.0016   0.0049   0.0089   0.0001   0.0000   0.0002   0.0083   0.0162   0.0313 
  1.2778   0.0000   1.6849   0.0226   0.1266   0.0153   0.0089   0.5953   0.0085   0.0015   0.0211   0.0068   0.0062   0.0021   0.0035   0.0052   0.0405   0.0002   0.0004   0.0010   0.0077   0.0022   0.0033 
  0.0753   1.6849   0.0000   1.4511   0.0516   0.0742   0.0082   0.0167   0.0066   0.0113   0.2582   0.0153   0.0019   0.0018   0.0132   0.0038   0.0897   0.0001   0.0004   0.0005   0.0067   0.0080   0.0084 
  0.1346   0.0226   1.4511   0.0000   1.3939   0.0114   0.0005   0.0040   0.8763   0.0048   0.0068   0.0027   0.0001   0.0001   0.0002   0.0003   0.0012   0.0000   0.0000   0.0000   0.0074   0.0045   0.0017 
  0.0170   0.1266   0.0516   1.3939   0.0000   1.3796   0.0088   0.0015   0.0080   0.8732   0.0108   0.0008   0.0002   0.0002   0.0008   0.0003   0.0054   0.0000   0.0000   0.0001   0.0071   0.0288   0.0141 
  1.4335   0.0153   0.0742   0.0114   1.3796   0.0000   0.0038   0.0045   0.0077   0.0040   0.0014   0.0018   0.0002   0.0001   0.0003   0.0014   0.0018   0.0000   0.0000   0.0000   0.9080   0.0715   0.0699 
  0.8513   0.0089   0.0082   0.0005   0.0088   0.0038   0.0000   0.0019   0.0001   0.0009   0.0005   0.0001   0.0007   0.0004   0.0006   0.0061   0.0037   0.0001   0.0001   0.0001   0.0019   0.0041   0.0015 
  0.0134   0.5953   0.0167   0.0040   0.0015   0.0045   0.0019   0.0000   0.0008   0.0000   0.0029   0.0010   0.0051   0.0028   0.0071   0.0039   0.2147   0.0003   0.0004   0.0006   0.0001   0.0002   0.0003 
  0.0013   0.0085   0.0066   0.8763   0.0080   0.0077   0.0001   0.0008   0.0000   0.0028   0.0014   0.0003   0.0001   0.0001   0.0006   0.0001   0.0038   0.0000   0.0000   0.0000   0.0002   0.0007   0.0002 
  0.0092   0.0015   0.0113   0.0048   0.8732   0.0040   0.0009   0.0000   0.0028   0.0000   0.0010   0.0002   0.0000   0.0000   0.0002   0.0001   0.0010   0.0000   0.0000   0.0000   0.0021   0.0020   0.0056 
  0.0155   0.0211   0.2582   0.0068   0.0108   0.0014   0.0005   0.0029   0.0014   0.0010   0.0000   3.0040   0.0003   0.0003   0.0020   0.0005   0.0130   0.0000   0.0001   0.0001   0.0012   0.0002   0.0002 
  0.0021   0.0068   0.0153   0.0027   0.0008   0.0018   0.0001   0.0010   0.0003   0.0002   3.0040   0.0000   0.0001   0.0001   0.0006   0.0002   0.0033   0.0000   0.0000   0.0000   0.0001   0.0002   0.0002 
  0.0008   0.0062   0.0019   0.0001   0.0002   0.0002   0.0007   0.0051   0.0001   0.0000   0.0003   0.0001   0.0000   0.6786   1.2625   1.1865   0.9494   0.0312   0.0316   0.0309   0.0000   0.0000   0.0000 
  0.0004   0.0021   0.0018   0.0001   0.0002   0.0001   0.0004   0.0028   0.0001   0.0000   0.0003   0.0001   0.6786   0.0000   0.1011   0.0945   0.0744   0.8742   0.8783   0.8580   0.0000   0.0000   0.0000 
  0.0016   0.0035   0.0132   0.0002   0.0008   0.0003   0.0006   0.0071   0.0006   0.0002   0.0020   0.0006   1.2625   0.1011   0.0000   0.1446   0.1083   0.0048   0.0050   0.0175   0.0000   0.0000   0.0000 
  0.0049   0.0052   0.0038   0.0003   0.0003   0.0014   0.0061   0.0039   0.0001   0.0001   0.0005   0.0002   1.1865   0.0945   0.1446   0.0000   0.1087   0.0170   0.0045   0.0051   0.0001   0.0001   0.0001 
  0.0089   0.0405   0.0897   0.0012   0.0054   0.0018   0.0037   0.2147   0.0038   0.0010   0.0130   0.0033   0.9494   0.0744   0.1083   0.1087   0.0000   0.0039   0.0149   0.0032   0.0001   0.0002   0.0002 
  0.0001   0.0002   0.0001   0.0000   0.0000   0.0000   0.0001   0.0003   0.0000   0.0000   0.0000   0.0000   0.0312   0.8742   0.0048   0.0170   0.0039   0.0000   0.0491   0.0479   0.0000   0.0000   0.0000 
  0.0000   0.0004   0.0004   0.0000   0.0000   0.0000   0.0001   0.0004   0.0000   0.0000   0.0001   0.0000   0.0316   0.8783   0.0050   0.0045   0.0149   0.0491   0.0000   0.0481   0.0000   0.0000   0.0000 
  0.0002   0.0010   0.0005   0.0000   0.0001   0.0000   0.0001   0.0006   0.0000   0.0000   0.0001   0.0000   0.0309   0.8580   0.0175   0.0051   0.0032   0.0479   0.0481   0.0000   0.0000   0.0000   0.0000 
  0.0083   0.0077   0.0067   0.0074   0.0071   0.9080   0.0019   0.0001   0.0002   0.0021   0.0012   0.0001   0.0000   0.0000   0.0000   0.0001   0.0001   0.0000   0.0000   0.0000   0.0000   1.5221   1.4934 
  0.0162   0.0022   0.0080   0.0045   0.0288   0.0715   0.0041   0.0002   0.0007   0.0020   0.0002   0.0002   0.0000   0.0000   0.0000   0.0001   0.0002   0.0000   0.0000   0.0000   1.5221   0.0000   0.4135 
  0.0313   0.0033   0.0084   0.0017   0.0141   0.0699   0.0015   0.0003   0.0002   0.0056   0.0002   0.0002   0.0000   0.0000   0.0000   0.0001   0.0002   0.0000   0.0000   0.0000   1.4934   0.4135   0.0000 

Freq:
 -156.5878    13.8812    16.3544    32.3391    36.4592    46.1571    49.8391    63.8694    90.7599   107.2096   141.1135   157.2480   183.4742   191.5445   197.2852   254.6694   277.4907   285.0724   311.2211   328.4020   389.7326   427.8943   456.1199   464.1210   480.6785   523.9502   528.4826   541.3813   551.4066   580.1408   615.1597   644.7593   708.6956   733.2315   785.6858   825.0431   844.9322   934.7304   938.2019   961.0659  1009.8243  1061.3690  1087.2644  1109.8471  1122.9642  1145.4967  1160.7623  1176.9262  1186.9578  1241.9727  1269.6580  1322.5507  1384.7655  1448.1938  1466.9573  1512.2070  1600.7614  1628.8357  1768.8223  2442.6590  3208.3182  3224.9364  3252.5839 
