Sum of electronic and zero-point Energies=           -969.982042
Sum of electronic and thermal Energies=              -969.966633
Sum of electronic and thermal Enthalpies=            -969.965689
Sum of electronic and thermal Free Energies=         -970.026854

Wiberg:
  0.0000   1.3856   0.0437   0.1113   0.0155   1.3914   0.8786   0.0077   0.0009   0.0093   0.0083   0.0154   0.0299   0.0141   0.0022   0.0004   0.0009   0.0003   0.0092   0.0013 
  1.3856   0.0000   1.4449   0.0135   0.1105   0.0126   0.0050   0.8565   0.0070   0.0005   0.0083   0.0016   0.0043   0.0193   0.0081   0.0015   0.0057   0.0012   0.0229   0.0041 
  0.0437   1.4449   0.0000   1.4307   0.0403   0.0781   0.0094   0.0088   0.0079   0.0093   0.0047   0.0095   0.0098   0.4628   0.0272   0.0020   0.0032   0.0080   0.2369   0.0026 
  0.1113   0.0135   1.4307   0.0000   1.3994   0.0127   0.0005   0.0067   0.8787   0.0048   0.0085   0.0047   0.0016   0.0196   0.0085   0.0010   0.0007   0.0006   0.0223   0.0003 
  0.0155   0.1105   0.0403   1.3994   0.0000   1.3857   0.0093   0.0008   0.0071   0.8800   0.0082   0.0298   0.0153   0.0135   0.0024   0.0002   0.0002   0.0005   0.0082   0.0007 
  1.3914   0.0126   0.0781   0.0127   1.3857   0.0000   0.0038   0.0073   0.0078   0.0039   0.9189   0.0716   0.0715   0.0049   0.0040   0.0003   0.0003   0.0004   0.0100   0.0001 
  0.8786   0.0050   0.0094   0.0005   0.0093   0.0038   0.0000   0.0028   0.0001   0.0009   0.0025   0.0053   0.0019   0.0009   0.0003   0.0000   0.0001   0.0001   0.0007   0.0000 
  0.0077   0.8565   0.0088   0.0067   0.0008   0.0073   0.0028   0.0000   0.0009   0.0001   0.0002   0.0002   0.0006   0.0025   0.0006   0.0004   0.0050   0.0009   0.0028   0.0009 
  0.0009   0.0070   0.0079   0.8787   0.0071   0.0078   0.0001   0.0009   0.0000   0.0029   0.0003   0.0007   0.0002   0.0025   0.0006   0.0001   0.0001   0.0002   0.0026   0.0000 
  0.0093   0.0005   0.0093   0.0048   0.8800   0.0039   0.0009   0.0001   0.0029   0.0000   0.0024   0.0019   0.0055   0.0009   0.0003   0.0000   0.0000   0.0001   0.0007   0.0000 
  0.0083   0.0083   0.0047   0.0085   0.0082   0.9189   0.0025   0.0002   0.0003   0.0024   0.0000   1.5028   1.4981   0.0011   0.0001   0.0000   0.0001   0.0001   0.0011   0.0000 
  0.0154   0.0016   0.0095   0.0047   0.0298   0.0716   0.0053   0.0002   0.0007   0.0019   1.5028   0.0000   0.4043   0.0008   0.0005   0.0000   0.0000   0.0001   0.0017   0.0000 
  0.0299   0.0043   0.0098   0.0016   0.0153   0.0715   0.0019   0.0006   0.0002   0.0055   1.4981   0.4043   0.0000   0.0008   0.0005   0.0000   0.0000   0.0001   0.0018   0.0000 
  0.0141   0.0193   0.4628   0.0196   0.0135   0.0049   0.0009   0.0025   0.0025   0.0009   0.0011   0.0008   0.0008   0.0000   2.9664   0.0014   0.0083   0.0018   0.0442   0.0010 
  0.0022   0.0081   0.0272   0.0085   0.0024   0.0040   0.0003   0.0006   0.0006   0.0003   0.0001   0.0005   0.0005   2.9664   0.0000   0.0006   0.0079   0.0004   0.0184   0.0005 
  0.0004   0.0015   0.0020   0.0010   0.0002   0.0003   0.0000   0.0004   0.0001   0.0000   0.0000   0.0000   0.0000   0.0014   0.0006   0.0000   0.6177   0.6983   0.4498   0.6694 
  0.0009   0.0057   0.0032   0.0007   0.0002   0.0003   0.0001   0.0050   0.0001   0.0000   0.0001   0.0000   0.0000   0.0083   0.0079   0.6177   0.0000   0.0207   0.0166   0.0206 
  0.0003   0.0012   0.0080   0.0006   0.0005   0.0004   0.0001   0.0009   0.0002   0.0001   0.0001   0.0001   0.0001   0.0018   0.0004   0.6983   0.0207   0.0000   0.0155   0.0222 
  0.0092   0.0229   0.2369   0.0223   0.0082   0.0100   0.0007   0.0028   0.0026   0.0007   0.0011   0.0017   0.0018   0.0442   0.0184   0.4498   0.0166   0.0155   0.0000   0.0171 
  0.0013   0.0041   0.0026   0.0003   0.0007   0.0001   0.0000   0.0009   0.0000   0.0000   0.0000   0.0000   0.0000   0.0010   0.0005   0.6694   0.0206   0.0222   0.0171   0.0000 

Freq:
 -432.2234    33.8819    45.8439    50.0030    67.5740    88.6087    91.1394   106.8557   131.3425   171.3369   201.4369   223.7074   310.5250   319.5757   329.2659   358.3404   413.4613   417.8828   426.5204   464.3756   472.3802   488.1835   526.7192   590.1869   622.4990   647.6199   679.7704   739.4502   758.8129   819.6745   831.7499   856.0882   954.2641   963.4357   976.7469  1031.3360  1089.6755  1106.8073  1120.5850  1160.1378  1212.2958  1277.7989  1332.8940  1384.1494  1438.3315  1448.5237  1574.2437  1612.4842  1680.0724  2428.0526  3230.0192  3230.8326  3245.4954  3247.1333 
