Sum of electronic and zero-point Energies=           -825.827163
Sum of electronic and thermal Energies=              -825.813025
Sum of electronic and thermal Enthalpies=            -825.812080
Sum of electronic and thermal Free Energies=         -825.872908

Wiberg:
  0.0000   1.4466   0.0284   0.1163   0.0177   1.3582   0.8851   0.0059   0.0137   0.0018   0.0090   0.0004   0.0001   0.0001   0.0002   0.0009   0.0079   0.0274   0.0141 
  1.4466   0.0000   1.3731   0.0325   0.1280   0.0127   0.0047   0.8933   0.0152   0.0121   0.0004   0.0023   0.0002   0.0001   0.0001   0.0012   0.0080   0.0040   0.0018 
  0.0284   1.3731   0.0000   1.6972   0.0565   0.0748   0.0097   0.0048   0.5449   0.0366   0.0074   0.0073   0.0022   0.0005   0.0023   0.0215   0.0055   0.0081   0.0093 
  0.1163   0.0325   1.6972   0.0000   1.3185   0.0270   0.0012   0.0136   0.0764   0.0419   0.0177   0.2170   0.0036   0.0026   0.0028   0.0392   0.0087   0.0024   0.0030 
  0.0177   0.1280   0.0565   1.3185   0.0000   1.4317   0.0089   0.0008   0.0215   0.0043   0.8828   0.0033   0.0004   0.0002   0.0004   0.0027   0.0092   0.0175   0.0318 
  1.3582   0.0127   0.0748   0.0270   1.4317   0.0000   0.0039   0.0086   0.0050   0.0097   0.0027   0.0026   0.0001   0.0000   0.0001   0.0014   0.9088   0.0699   0.0691 
  0.8851   0.0047   0.0097   0.0012   0.0089   0.0039   0.0000   0.0025   0.0011   0.0002   0.0007   0.0000   0.0000   0.0000   0.0000   0.0001   0.0023   0.0018   0.0052 
  0.0059   0.8933   0.0048   0.0136   0.0008   0.0086   0.0025   0.0000   0.0019   0.0007   0.0004   0.0005   0.0001   0.0000   0.0001   0.0012   0.0002   0.0006   0.0002 
  0.0137   0.0152   0.5449   0.0764   0.0215   0.0050   0.0011   0.0019   0.0000   2.9230   0.0002   0.0039   0.0035   0.0005   0.0014   0.0079   0.0018   0.0004   0.0006 
  0.0018   0.0121   0.0366   0.0419   0.0043   0.0097   0.0002   0.0007   2.9230   0.0000   0.0001   0.0014   0.0046   0.0006   0.0008   0.0034   0.0004   0.0009   0.0013 
  0.0090   0.0004   0.0074   0.0177   0.8828   0.0027   0.0007   0.0004   0.0002   0.0001   0.0000   0.0014   0.0003   0.0001   0.0002   0.0027   0.0022   0.0048   0.0015 
  0.0004   0.0023   0.0073   0.2170   0.0033   0.0026   0.0000   0.0005   0.0039   0.0014   0.0014   0.0000   0.0087   0.0037   0.0139   0.5121   0.0001   0.0001   0.0002 
  0.0001   0.0002   0.0022   0.0036   0.0004   0.0001   0.0000   0.0001   0.0035   0.0046   0.0003   0.0087   0.0000   1.4604   0.3363   0.1704   0.0000   0.0000   0.0000 
  0.0001   0.0001   0.0005   0.0026   0.0002   0.0000   0.0000   0.0000   0.0005   0.0006   0.0001   0.0037   1.4604   0.0000   1.5541   1.0304   0.0000   0.0000   0.0000 
  0.0002   0.0001   0.0023   0.0028   0.0004   0.0001   0.0000   0.0001   0.0014   0.0008   0.0002   0.0139   0.3363   1.5541   0.0000   0.1746   0.0000   0.0000   0.0000 
  0.0009   0.0012   0.0215   0.0392   0.0027   0.0014   0.0001   0.0012   0.0079   0.0034   0.0027   0.5121   0.1704   1.0304   0.1746   0.0000   0.0001   0.0001   0.0001 
  0.0079   0.0080   0.0055   0.0087   0.0092   0.9088   0.0023   0.0002   0.0018   0.0004   0.0022   0.0001   0.0000   0.0000   0.0000   0.0001   0.0000   1.5097   1.4964 
  0.0274   0.0040   0.0081   0.0024   0.0175   0.0699   0.0018   0.0006   0.0004   0.0009   0.0048   0.0001   0.0000   0.0000   0.0000   0.0001   1.5097   0.0000   0.4057 
  0.0141   0.0018   0.0093   0.0030   0.0318   0.0691   0.0052   0.0002   0.0006   0.0013   0.0015   0.0002   0.0000   0.0000   0.0000   0.0001   1.4964   0.4057   0.0000 

Freq:
 -358.7394    12.0364    33.0710    48.3605    51.1767    70.6198    90.2962   102.3406   111.4437   162.5897   178.0873   246.0288   321.4133   357.6916   403.5864   418.3559   471.2832   525.7479   579.9404   648.4091   659.6948   667.9292   691.2209   749.3217   793.4997   817.8026   838.4489   933.7966   942.5651   968.3415   973.4694  1023.1532  1079.4900  1097.8964  1127.5697  1245.4837  1306.9255  1335.5750  1384.0920  1391.1768  1451.1572  1489.1373  1548.2435  1614.2250  1663.7628  1707.7898  2201.0624  2396.0313  3206.9470  3219.3954  3241.1750 
