Sum of electronic and zero-point Energies=           -801.212169
Sum of electronic and thermal Energies=              -801.203161
Sum of electronic and thermal Enthalpies=            -801.202217
Sum of electronic and thermal Free Energies=         -801.247685

Wiberg:
  0.0000   1.3883   0.0433   0.1278   0.0140   1.4302   0.8997   0.0066   0.0009   0.0093   0.0088   0.0013   0.0141   0.0038 
  1.3883   0.0000   1.4613   0.0189   0.1385   0.0100   0.0038   0.8851   0.0043   0.0004   0.0060   0.0043   0.0045   0.0082 
  0.0433   1.4613   0.0000   1.6997   0.0542   0.0890   0.0113   0.0050   0.0098   0.0078   0.2488   0.0166   0.2271   0.0066 
  0.1278   0.0189   1.6997   0.0000   1.3072   0.0129   0.0019   0.0097   0.5959   0.0080   0.0225   0.0191   0.0545   0.0082 
  0.0140   0.1385   0.0542   1.3072   0.0000   1.4732   0.0094   0.0011   0.0093   0.8968   0.0120   0.0040   0.0193   0.0040 
  1.4302   0.0100   0.0890   0.0129   1.4732   0.0000   0.0039   0.0083   0.0046   0.0031   0.0013   0.0026   0.0028   0.9054 
  0.8997   0.0038   0.0113   0.0019   0.0094   0.0039   0.0000   0.0026   0.0001   0.0007   0.0009   0.0003   0.0037   0.0018 
  0.0066   0.8851   0.0050   0.0097   0.0011   0.0083   0.0026   0.0000   0.0004   0.0003   0.0015   0.0003   0.0090   0.0002 
  0.0009   0.0043   0.0098   0.5959   0.0093   0.0046   0.0001   0.0004   0.0000   0.0015   0.0028   0.0012   0.3076   0.0001 
  0.0093   0.0004   0.0078   0.0080   0.8968   0.0031   0.0007   0.0003   0.0015   0.0000   0.0003   0.0001   0.0078   0.0019 
  0.0088   0.0060   0.2488   0.0225   0.0120   0.0013   0.0009   0.0015   0.0028   0.0003   0.0000   2.9323   0.0513   0.0013 
  0.0013   0.0043   0.0166   0.0191   0.0040   0.0026   0.0003   0.0003   0.0012   0.0001   2.9323   0.0000   0.0615   0.0006 
  0.0141   0.0045   0.2271   0.0545   0.0193   0.0028   0.0037   0.0090   0.3076   0.0078   0.0513   0.0615   0.0000   0.0001 
  0.0038   0.0082   0.0066   0.0082   0.0040   0.9054   0.0018   0.0002   0.0001   0.0019   0.0013   0.0006   0.0001   0.0000 

Freq:
 -161.3855    64.8659    89.2308    99.6693   147.1675   173.0950   216.2160   240.8402   418.2325   446.2567   564.8171   590.9170   617.9148   717.1979   810.9559   885.0639   911.7559   985.6741  1008.6792  1033.1043  1054.4334  1086.6004  1147.3381  1157.2813  1260.2028  1317.8676  1420.6176  1481.8503  1506.1573  1632.9521  1808.8605  2369.7847  3181.5668  3189.1608  3203.3974  3236.4996 
