Sum of electronic and zero-point Energies=          -1235.688752
Sum of electronic and thermal Energies=             -1235.669395
Sum of electronic and thermal Enthalpies=           -1235.668451
Sum of electronic and thermal Free Energies=        -1235.742693

Wiberg:
  0.0000   1.2927   0.0714   0.1399   0.0145   1.4754   0.8958   0.0114   0.0014   0.0098   0.0148   0.0012   0.0001   0.0000   0.0001   0.0000   0.0001   0.0002   0.0000   0.0000   0.0000   0.0001   0.0004   0.0015   0.0010   0.0081   0.0000   0.0000   0.0000   0.0000   0.0041 
  1.2927   0.0000   1.7023   0.0198   0.1294   0.0139   0.0093   0.5538   0.0095   0.0016   0.0221   0.0040   0.0002   0.0001   0.0001   0.0001   0.0005   0.0022   0.0000   0.0000   0.0000   0.0001   0.0062   0.0043   0.0021   0.0433   0.0000   0.0000   0.0000   0.0000   0.0083 
  0.0714   1.7023   0.0000   1.4665   0.0490   0.0852   0.0089   0.0175   0.0061   0.0122   0.2511   0.0147   0.0007   0.0002   0.0007   0.0004   0.0007   0.0046   0.0000   0.0000   0.0000   0.0001   0.0020   0.0049   0.0077   0.0897   0.0000   0.0000   0.0000   0.0000   0.0067 
  0.1399   0.0198   1.4665   0.0000   1.3815   0.0100   0.0005   0.0036   0.8827   0.0038   0.0078   0.0031   0.0000   0.0000   0.0000   0.0000   0.0000   0.0001   0.0000   0.0000   0.0000   0.0000   0.0001   0.0008   0.0002   0.0015   0.0000   0.0000   0.0000   0.0000   0.0082 
  0.0145   0.1294   0.0490   1.3815   0.0000   1.4305   0.0095   0.0015   0.0075   0.8990   0.0113   0.0012   0.0001   0.0000   0.0001   0.0000   0.0001   0.0003   0.0000   0.0000   0.0000   0.0000   0.0002   0.0005   0.0004   0.0055   0.0000   0.0000   0.0000   0.0000   0.0038 
  1.4754   0.0139   0.0852   0.0100   1.4305   0.0000   0.0031   0.0047   0.0083   0.0040   0.0012   0.0018   0.0000   0.0000   0.0000   0.0000   0.0000   0.0001   0.0000   0.0000   0.0000   0.0000   0.0002   0.0002   0.0001   0.0021   0.0000   0.0000   0.0000   0.0000   0.9050 
  0.8958   0.0093   0.0089   0.0005   0.0095   0.0031   0.0000   0.0022   0.0002   0.0008   0.0005   0.0001   0.0000   0.0000   0.0000   0.0000   0.0001   0.0002   0.0000   0.0000   0.0000   0.0000   0.0002   0.0002   0.0005   0.0043   0.0000   0.0000   0.0000   0.0000   0.0019 
  0.0114   0.5538   0.0175   0.0036   0.0015   0.0047   0.0022   0.0000   0.0008   0.0000   0.0030   0.0006   0.0003   0.0001   0.0002   0.0002   0.0002   0.0042   0.0000   0.0000   0.0000   0.0001   0.0041   0.0029   0.0037   0.2484   0.0000   0.0000   0.0000   0.0000   0.0001 
  0.0014   0.0095   0.0061   0.8827   0.0075   0.0083   0.0002   0.0008   0.0000   0.0028   0.0016   0.0004   0.0000   0.0000   0.0000   0.0000   0.0000   0.0002   0.0000   0.0000   0.0000   0.0000   0.0001   0.0002   0.0004   0.0040   0.0000   0.0000   0.0000   0.0000   0.0002 
  0.0098   0.0016   0.0122   0.0038   0.8990   0.0040   0.0008   0.0000   0.0028   0.0000   0.0012   0.0002   0.0000   0.0000   0.0000   0.0000   0.0000   0.0001   0.0000   0.0000   0.0000   0.0000   0.0000   0.0001   0.0001   0.0012   0.0000   0.0000   0.0000   0.0000   0.0018 
  0.0148   0.0221   0.2511   0.0078   0.0113   0.0012   0.0005   0.0030   0.0016   0.0012   0.0000   3.0036   0.0002   0.0001   0.0001   0.0001   0.0002   0.0022   0.0000   0.0000   0.0000   0.0000   0.0017   0.0115   0.0021   0.0123   0.0000   0.0000   0.0000   0.0000   0.0015 
  0.0012   0.0040   0.0147   0.0031   0.0012   0.0018   0.0001   0.0006   0.0004   0.0002   3.0036   0.0000   0.0001   0.0001   0.0000   0.0000   0.0001   0.0011   0.0000   0.0000   0.0000   0.0000   0.0010   0.0101   0.0007   0.0016   0.0000   0.0000   0.0000   0.0000   0.0001 
  0.0001   0.0002   0.0007   0.0000   0.0001   0.0000   0.0000   0.0003   0.0000   0.0000   0.0002   0.0001   0.0000   1.4516   0.0132   0.1068   0.0149   1.3924   0.8998   0.0037   0.0006   0.0099   0.0087   0.0110   0.0072   0.0092   0.0100   0.0004   0.0002   0.0002   0.0000 
  0.0000   0.0001   0.0002   0.0000   0.0000   0.0000   0.0000   0.0001   0.0000   0.0000   0.0001   0.0001   1.4516   0.0000   1.3882   0.0115   0.1101   0.0139   0.0042   0.9156   0.0111   0.0005   0.0098   0.0026   0.0016   0.0014   0.0107   0.0081   0.0062   0.0059   0.0000 
  0.0001   0.0001   0.0007   0.0000   0.0001   0.0000   0.0000   0.0002   0.0000   0.0000   0.0001   0.0000   0.0132   1.3882   0.0000   1.4088   0.0130   0.1022   0.0088   0.0034   0.0035   0.0087   0.0022   0.0019   0.0031   0.0047   1.0330   0.0019   0.0027   0.0027   0.0000 
  0.0000   0.0001   0.0004   0.0000   0.0000   0.0000   0.0000   0.0002   0.0000   0.0000   0.0001   0.0000   0.1068   0.0115   1.4088   0.0000   1.4264   0.0143   0.0005   0.0110   0.9158   0.0042   0.0099   0.0015   0.0028   0.0013   0.0106   0.0018   0.0127   0.0126   0.0000 
  0.0001   0.0005   0.0007   0.0000   0.0001   0.0000   0.0001   0.0002   0.0000   0.0000   0.0002   0.0001   0.0149   0.1101   0.0130   1.4264   0.0000   1.4138   0.0096   0.0006   0.0036   0.9006   0.0089   0.0066   0.0135   0.0096   0.0090   0.0005   0.0002   0.0002   0.0000 
  0.0002   0.0022   0.0046   0.0001   0.0003   0.0001   0.0002   0.0042   0.0002   0.0001   0.0022   0.0011   1.3924   0.0139   0.1022   0.0143   1.4138   0.0000   0.0035   0.0093   0.0091   0.0036   0.8164   0.0737   0.0808   0.0510   0.0017   0.0001   0.0041   0.0040   0.0000 
  0.0000   0.0000   0.0000   0.0000   0.0000   0.0000   0.0000   0.0000   0.0000   0.0000   0.0000   0.0000   0.8998   0.0042   0.0088   0.0005   0.0096   0.0035   0.0000   0.0026   0.0005   0.0006   0.0022   0.0017   0.0032   0.0007   0.0004   0.0003   0.0000   0.0000   0.0000 
  0.0000   0.0000   0.0000   0.0000   0.0000   0.0000   0.0000   0.0000   0.0000   0.0000   0.0000   0.0000   0.0037   0.9156   0.0034   0.0110   0.0006   0.0093   0.0026   0.0000   0.0006   0.0005   0.0005   0.0007   0.0002   0.0002   0.0022   0.0002   0.0002   0.0002   0.0000 
  0.0000   0.0000   0.0000   0.0000   0.0000   0.0000   0.0000   0.0000   0.0000   0.0000   0.0000   0.0000   0.0006   0.0111   0.0035   0.9158   0.0036   0.0091   0.0005   0.0006   0.0000   0.0025   0.0005   0.0002   0.0007   0.0002   0.0020   0.0007   0.0001   0.0001   0.0000 
  0.0001   0.0001   0.0001   0.0000   0.0000   0.0000   0.0000   0.0001   0.0000   0.0000   0.0000   0.0000   0.0099   0.0005   0.0087   0.0042   0.9006   0.0036   0.0006   0.0005   0.0025   0.0000   0.0023   0.0036   0.0017   0.0008   0.0004   0.0001   0.0001   0.0001   0.0000 
  0.0004   0.0062   0.0020   0.0001   0.0002   0.0002   0.0002   0.0041   0.0001   0.0000   0.0017   0.0010   0.0087   0.0098   0.0022   0.0099   0.0089   0.8164   0.0022   0.0005   0.0005   0.0023   0.0000   1.1555   1.2202   0.9215   0.0007   0.0000   0.0001   0.0001   0.0000 
  0.0015   0.0043   0.0049   0.0008   0.0005   0.0002   0.0002   0.0029   0.0002   0.0001   0.0115   0.0101   0.0110   0.0026   0.0019   0.0015   0.0066   0.0737   0.0017   0.0007   0.0002   0.0036   1.1555   0.0000   0.1394   0.1067   0.0001   0.0000   0.0001   0.0001   0.0000 
  0.0010   0.0021   0.0077   0.0002   0.0004   0.0001   0.0005   0.0037   0.0004   0.0001   0.0021   0.0007   0.0072   0.0016   0.0031   0.0028   0.0135   0.0808   0.0032   0.0002   0.0007   0.0017   1.2202   0.1394   0.0000   0.1106   0.0001   0.0000   0.0001   0.0002   0.0000 
  0.0081   0.0433   0.0897   0.0015   0.0055   0.0021   0.0043   0.2484   0.0040   0.0012   0.0123   0.0016   0.0092   0.0014   0.0047   0.0013   0.0096   0.0510   0.0007   0.0002   0.0002   0.0008   0.9215   0.1067   0.1106   0.0000   0.0001   0.0000   0.0002   0.0002   0.0001 
  0.0000   0.0000   0.0000   0.0000   0.0000   0.0000   0.0000   0.0000   0.0000   0.0000   0.0000   0.0000   0.0100   0.0107   1.0330   0.0106   0.0090   0.0017   0.0004   0.0022   0.0020   0.0004   0.0007   0.0001   0.0001   0.0001   0.0000   0.9358   0.9194   0.9203   0.0000 
  0.0000   0.0000   0.0000   0.0000   0.0000   0.0000   0.0000   0.0000   0.0000   0.0000   0.0000   0.0000   0.0004   0.0081   0.0019   0.0018   0.0005   0.0001   0.0003   0.0002   0.0007   0.0001   0.0000   0.0000   0.0000   0.0000   0.9358   0.0000   0.0008   0.0008   0.0000 
  0.0000   0.0000   0.0000   0.0000   0.0000   0.0000   0.0000   0.0000   0.0000   0.0000   0.0000   0.0000   0.0002   0.0062   0.0027   0.0127   0.0002   0.0041   0.0000   0.0002   0.0001   0.0001   0.0001   0.0001   0.0001   0.0002   0.9194   0.0008   0.0000   0.0008   0.0000 
  0.0000   0.0000   0.0000   0.0000   0.0000   0.0000   0.0000   0.0000   0.0000   0.0000   0.0000   0.0000   0.0002   0.0059   0.0027   0.0126   0.0002   0.0040   0.0000   0.0002   0.0001   0.0001   0.0001   0.0001   0.0002   0.0002   0.9203   0.0008   0.0008   0.0000   0.0000 
  0.0041   0.0083   0.0067   0.0082   0.0038   0.9050   0.0019   0.0001   0.0002   0.0018   0.0015   0.0001   0.0000   0.0000   0.0000   0.0000   0.0000   0.0000   0.0000   0.0000   0.0000   0.0000   0.0000   0.0000   0.0000   0.0001   0.0000   0.0000   0.0000   0.0000   0.0000 

Freq:
 -274.2944     4.8356    14.5870    18.9668    42.9306    58.5688    61.1254    79.9854    83.9361    97.4086   118.1276   146.6723   162.5230   187.0755   222.3559   226.3991   278.7660   309.7643   341.6517   375.9442   414.4519   422.8824   442.7523   453.1511   476.9901   499.4081   537.1702   546.8379   606.0259   620.9643   645.7883   648.0645   705.9273   724.9454   739.8830   811.5638   814.2564   823.5516   843.8312   889.2241   918.5977   965.0789   971.7232   988.2074   988.9610  1001.2112  1015.6253  1030.6698  1051.0672  1057.0868  1099.3274  1111.8951  1126.2083  1137.5861  1152.7940  1187.0825  1194.7014  1205.9296  1228.1635  1294.9407  1308.1056  1317.5958  1343.8881  1347.0250  1396.7532  1423.6480  1451.5440  1462.2050  1475.6915  1485.5797  1507.8330  1518.8017  1618.5804  1642.6520  1769.3999  2444.9263  3026.9644  3082.9733  3114.0641  3166.7628  3170.1060  3182.2229  3192.1680  3205.7352  3208.8486  3209.5773  3249.7431 
