Sum of electronic and zero-point Energies=           -621.301858
Sum of electronic and thermal Energies=              -621.290033
Sum of electronic and thermal Enthalpies=            -621.289088
Sum of electronic and thermal Free Energies=         -621.343138

Wiberg:
  0.0000   1.3877   0.0467   0.1277   0.0145   1.4273   0.8991   0.0074   0.0126   0.0012   0.0038   0.0096   0.0013   0.0002   0.0001   0.0010   0.0051 
  1.3877   0.0000   1.4593   0.0207   0.1384   0.0099   0.0038   0.8834   0.0089   0.0037   0.0082   0.0005   0.0038   0.0005   0.0001   0.0002   0.0015 
  0.0467   1.4593   0.0000   1.6851   0.0702   0.0854   0.0119   0.0061   0.2832   0.0166   0.0063   0.0089   0.0161   0.0026   0.0008   0.0141   0.0945 
  0.1277   0.0207   1.6851   0.0000   1.2908   0.0138   0.0014   0.0091   0.0232   0.0046   0.0084   0.0091   0.5751   0.0059   0.0030   0.0036   0.0437 
  0.0145   0.1384   0.0702   1.2908   0.0000   1.4774   0.0097   0.0014   0.0159   0.0013   0.0041   0.8949   0.0109   0.0013   0.0002   0.0020   0.0091 
  1.4273   0.0099   0.0854   0.0138   1.4774   0.0000   0.0040   0.0083   0.0014   0.0023   0.9045   0.0031   0.0048   0.0002   0.0001   0.0001   0.0020 
  0.8991   0.0038   0.0119   0.0014   0.0097   0.0040   0.0000   0.0028   0.0013   0.0002   0.0019   0.0008   0.0000   0.0000   0.0000   0.0002   0.0011 
  0.0074   0.8834   0.0061   0.0091   0.0014   0.0083   0.0028   0.0000   0.0018   0.0005   0.0002   0.0002   0.0007   0.0001   0.0000   0.0007   0.0044 
  0.0126   0.0089   0.2832   0.0232   0.0159   0.0014   0.0013   0.0018   0.0000   2.9963   0.0016   0.0005   0.0031   0.0146   0.0008   0.0039   0.0151 
  0.0012   0.0037   0.0166   0.0046   0.0013   0.0023   0.0002   0.0005   2.9963   0.0000   0.0001   0.0001   0.0006   0.0136   0.0006   0.0021   0.0021 
  0.0038   0.0082   0.0063   0.0084   0.0041   0.9045   0.0019   0.0002   0.0016   0.0001   0.0000   0.0019   0.0001   0.0001   0.0000   0.0000   0.0000 
  0.0096   0.0005   0.0089   0.0091   0.8949   0.0031   0.0008   0.0002   0.0005   0.0001   0.0019   0.0000   0.0020   0.0001   0.0001   0.0007   0.0046 
  0.0013   0.0038   0.0161   0.5751   0.0109   0.0048   0.0000   0.0007   0.0031   0.0006   0.0001   0.0020   0.0000   0.0067   0.0041   0.0122   0.2355 
  0.0002   0.0005   0.0026   0.0059   0.0013   0.0002   0.0000   0.0001   0.0146   0.0136   0.0001   0.0001   0.0067   0.0000   1.3839   0.2921   0.1887 
  0.0001   0.0001   0.0008   0.0030   0.0002   0.0001   0.0000   0.0000   0.0008   0.0006   0.0000   0.0001   0.0041   1.3839   0.0000   1.4951   1.1705 
  0.0010   0.0002   0.0141   0.0036   0.0020   0.0001   0.0002   0.0007   0.0039   0.0021   0.0000   0.0007   0.0122   0.2921   1.4951   0.0000   0.2037 
  0.0051   0.0015   0.0945   0.0437   0.0091   0.0020   0.0011   0.0044   0.0151   0.0021   0.0000   0.0046   0.2355   0.1887   1.1705   0.2037   0.0000 

Freq:
 -227.8760    14.1967    49.0364    65.7355    92.1061    95.4605   111.7961   141.9921   184.2595   195.7657   255.5040   427.2223   458.3349   499.1564   597.1753   629.4960   702.0868   705.8258   713.7374   815.4161   819.3459   867.2118   926.1992   948.4233   994.9669  1018.9704  1045.4123  1102.3600  1154.4557  1178.1505  1185.3165  1215.5094  1309.0182  1361.1907  1448.9871  1484.5883  1511.2414  1526.3007  1592.4968  1755.0230  2439.4189  3182.1585  3193.0475  3206.6844  3248.0973 
