Sum of electronic and zero-point Energies=          -1302.469121
Sum of electronic and thermal Energies=             -1302.452682
Sum of electronic and thermal Enthalpies=           -1302.451738
Sum of electronic and thermal Free Energies=        -1302.517749

Wiberg:
  0.0000   1.2696   0.0839   0.1406   0.0173   1.4770   0.8637   0.0145   0.0018   0.0100   0.0157   0.0022   0.0009   0.0005   0.0015   0.0058   0.0074   0.0001   0.0000   0.0001   0.0043 
  1.2696   0.0000   1.6572   0.0242   0.1283   0.0127   0.0074   0.6673   0.0073   0.0013   0.0156   0.0051   0.0053   0.0021   0.0032   0.0051   0.0366   0.0002   0.0003   0.0009   0.0083 
  0.0839   1.6572   0.0000   1.4788   0.0597   0.0812   0.0110   0.0165   0.0079   0.0132   0.2310   0.0143   0.0016   0.0018   0.0103   0.0038   0.0712   0.0002   0.0003   0.0005   0.0072 
  0.1406   0.0242   1.4788   0.0000   1.3687   0.0098   0.0005   0.0041   0.8767   0.0038   0.0064   0.0024   0.0001   0.0001   0.0002   0.0003   0.0010   0.0000   0.0000   0.0000   0.0081 
  0.0173   0.1283   0.0597   1.3687   0.0000   1.4327   0.0093   0.0017   0.0086   0.8946   0.0106   0.0010   0.0002   0.0002   0.0007   0.0003   0.0047   0.0000   0.0000   0.0001   0.0039 
  1.4770   0.0127   0.0812   0.0098   1.4327   0.0000   0.0039   0.0053   0.0080   0.0041   0.0012   0.0018   0.0002   0.0001   0.0003   0.0014   0.0016   0.0000   0.0000   0.0000   0.8996 
  0.8637   0.0074   0.0110   0.0005   0.0093   0.0039   0.0000   0.0022   0.0001   0.0009   0.0009   0.0002   0.0007   0.0005   0.0006   0.0079   0.0034   0.0001   0.0001   0.0001   0.0017 
  0.0145   0.6673   0.0165   0.0041   0.0017   0.0053   0.0022   0.0000   0.0008   0.0001   0.0025   0.0008   0.0042   0.0027   0.0060   0.0041   0.1542   0.0003   0.0004   0.0005   0.0001 
  0.0018   0.0073   0.0079   0.8767   0.0086   0.0080   0.0001   0.0008   0.0000   0.0030   0.0015   0.0003   0.0001   0.0001   0.0005   0.0001   0.0033   0.0000   0.0000   0.0000   0.0001 
  0.0100   0.0013   0.0132   0.0038   0.8946   0.0041   0.0009   0.0001   0.0030   0.0000   0.0011   0.0002   0.0000   0.0000   0.0001   0.0001   0.0010   0.0000   0.0000   0.0000   0.0018 
  0.0157   0.0156   0.2310   0.0064   0.0106   0.0012   0.0009   0.0025   0.0015   0.0011   0.0000   3.0089   0.0002   0.0003   0.0014   0.0005   0.0091   0.0000   0.0001   0.0001   0.0014 
  0.0022   0.0051   0.0143   0.0024   0.0010   0.0018   0.0002   0.0008   0.0003   0.0002   3.0089   0.0000   0.0001   0.0001   0.0003   0.0002   0.0024   0.0000   0.0000   0.0000   0.0002 
  0.0009   0.0053   0.0016   0.0001   0.0002   0.0002   0.0007   0.0042   0.0001   0.0000   0.0002   0.0001   0.0000   0.6758   1.2485   1.1639   0.9993   0.0303   0.0306   0.0300   0.0000 
  0.0005   0.0021   0.0018   0.0001   0.0002   0.0001   0.0005   0.0027   0.0001   0.0000   0.0003   0.0001   0.6758   0.0000   0.1011   0.0935   0.0789   0.8716   0.8737   0.8558   0.0000 
  0.0015   0.0032   0.0103   0.0002   0.0007   0.0003   0.0006   0.0060   0.0005   0.0001   0.0014   0.0003   1.2485   0.1011   0.0000   0.1401   0.1131   0.0049   0.0050   0.0175   0.0000 
  0.0058   0.0051   0.0038   0.0003   0.0003   0.0014   0.0079   0.0041   0.0001   0.0001   0.0005   0.0002   1.1639   0.0935   0.1401   0.0000   0.1118   0.0170   0.0044   0.0049   0.0001 
  0.0074   0.0366   0.0712   0.0010   0.0047   0.0016   0.0034   0.1542   0.0033   0.0010   0.0091   0.0024   0.9993   0.0789   0.1131   0.1118   0.0000   0.0045   0.0155   0.0041   0.0000 
  0.0001   0.0002   0.0002   0.0000   0.0000   0.0000   0.0001   0.0003   0.0000   0.0000   0.0000   0.0000   0.0303   0.8716   0.0049   0.0170   0.0045   0.0000   0.0488   0.0476   0.0000 
  0.0000   0.0003   0.0003   0.0000   0.0000   0.0000   0.0001   0.0004   0.0000   0.0000   0.0001   0.0000   0.0306   0.8737   0.0050   0.0044   0.0155   0.0488   0.0000   0.0477   0.0000 
  0.0001   0.0009   0.0005   0.0000   0.0001   0.0000   0.0001   0.0005   0.0000   0.0000   0.0001   0.0000   0.0300   0.8558   0.0175   0.0049   0.0041   0.0476   0.0477   0.0000   0.0000 
  0.0043   0.0083   0.0072   0.0081   0.0039   0.8996   0.0017   0.0001   0.0001   0.0018   0.0014   0.0002   0.0000   0.0000   0.0000   0.0001   0.0000   0.0000   0.0000   0.0000   0.0000 

Freq:
 -105.0456    15.8682    19.1912    34.1764    44.1603    63.3332    86.5206    91.9301   108.6698   158.3987   183.9047   184.7811   198.9821   226.1420   277.5718   312.4728   330.5760   429.8353   442.8869   465.9117   482.5696   518.0125   540.6255   544.4626   580.8786   605.4481   614.6317   673.3675   731.4186   813.6539   883.2571   898.7038   918.9341   996.1516  1006.2468  1028.8811  1067.4809  1072.1575  1098.7548  1139.8606  1144.9847  1159.2731  1169.4696  1183.5473  1227.7447  1268.7437  1324.3143  1423.0661  1477.6162  1500.1628  1763.8604  2160.2658  2444.8679  3181.0371  3191.7853  3209.2204  3256.8996 
