Sum of electronic and zero-point Energies=           -699.749720
Sum of electronic and thermal Energies=              -699.744448
Sum of electronic and thermal Enthalpies=            -699.743504
Sum of electronic and thermal Free Energies=         -699.778753

Wiberg:
  0.0000   1.1556   1.2016   0.6112   0.0027   1.2016 
  1.1556   0.0000   0.1269   0.0862   0.0042   0.1269 
  1.2016   0.1269   0.0000   0.0833   0.0048   0.1338 
  0.6112   0.0862   0.0833   0.0000   0.7479   0.0832 
  0.0027   0.0042   0.0048   0.7479   0.0000   0.0048 
  1.2016   0.1269   0.1338   0.0832   0.0048   0.0000 

Freq:
   74.0373   342.0617   343.3214   492.9688   497.1656   505.5188   657.9834   946.6931  1073.7258  1167.3573  1206.6764  3798.9257 
