Sum of electronic and zero-point Energies=          -1491.131848
Sum of electronic and thermal Energies=             -1491.113189
Sum of electronic and thermal Enthalpies=           -1491.112245
Sum of electronic and thermal Free Energies=        -1491.184864

Wiberg:
  0.0000   1.3356   0.0398   0.0802   0.0261   1.4204   0.8644   0.0005   0.0093   0.0039   0.0190   0.0707   0.0010   0.0026   0.0012   0.0095   0.0007   0.0001   0.0002   0.0001   0.0095   0.0026   0.0032   0.0003 
  1.3356   0.0000   1.2637   0.0214   0.0794   0.0154   0.0051   0.0092   0.0004   0.0086   1.0437   0.1066   0.0002   0.0014   0.0003   0.0010   0.0004   0.0001   0.0004   0.0001   0.0100   0.0173   0.0110   0.0005 
  0.0398   1.2637   0.0000   1.4332   0.0194   0.0916   0.0071   0.0036   0.0084   0.0004   0.0127   0.0498   0.0001   0.0003   0.0001   0.0004   0.0000   0.0000   0.0001   0.0000   1.0009   0.0511   0.0179   0.0167 
  0.0802   0.0214   1.4332   0.0000   1.3880   0.0166   0.0005   0.8900   0.0036   0.0095   0.0132   0.0103   0.0000   0.0001   0.0000   0.0001   0.0000   0.0000   0.0000   0.0000   0.0164   0.0339   0.0078   0.0004 
  0.0261   0.0794   0.0194   1.3880   0.0000   1.4327   0.0087   0.0043   0.9018   0.0040   0.0093   0.0407   0.0000   0.0001   0.0001   0.0002   0.0000   0.0000   0.0000   0.0000   0.0082   0.0014   0.0017   0.0001 
  1.4204   0.0154   0.0916   0.0166   1.4327   0.0000   0.0066   0.0090   0.0038   0.8969   0.0121   0.0055   0.0001   0.0003   0.0001   0.0003   0.0001   0.0000   0.0000   0.0000   0.0051   0.0129   0.0037   0.0001 
  0.8644   0.0051   0.0071   0.0005   0.0087   0.0066   0.0000   0.0003   0.0004   0.0023   0.0017   0.0003   0.0016   0.0026   0.0021   0.0209   0.0007   0.0001   0.0003   0.0001   0.0005   0.0001   0.0003   0.0001 
  0.0005   0.0092   0.0036   0.8900   0.0043   0.0090   0.0003   0.0000   0.0026   0.0005   0.0007   0.0011   0.0000   0.0000   0.0000   0.0000   0.0000   0.0000   0.0000   0.0000   0.0024   0.0012   0.0021   0.0001 
  0.0093   0.0004   0.0084   0.0036   0.9018   0.0038   0.0004   0.0026   0.0000   0.0026   0.0005   0.0001   0.0000   0.0000   0.0000   0.0000   0.0000   0.0000   0.0000   0.0000   0.0003   0.0005   0.0001   0.0000 
  0.0039   0.0086   0.0004   0.0095   0.0040   0.8969   0.0023   0.0005   0.0026   0.0000   0.0007   0.0015   0.0001   0.0001   0.0000   0.0004   0.0001   0.0000   0.0000   0.0000   0.0003   0.0001   0.0000   0.0000 
  0.0190   1.0437   0.0127   0.0132   0.0093   0.0121   0.0017   0.0007   0.0005   0.0007   0.0000   2.7035   0.0005   0.0052   0.0010   0.0005   0.0003   0.0000   0.0003   0.0001   0.0025   0.0135   0.0019   0.0001 
  0.0707   0.1066   0.0498   0.0103   0.0407   0.0055   0.0003   0.0011   0.0001   0.0015   2.7035   0.0000   0.0007   0.0084   0.0012   0.0004   0.0004   0.0001   0.0008   0.0001   0.0013   0.0181   0.0030   0.0001 
  0.0010   0.0002   0.0001   0.0000   0.0000   0.0001   0.0016   0.0000   0.0000   0.0001   0.0005   0.0007   0.0000   1.1383   1.1631   1.1351   0.6722   0.0292   0.0293   0.0291   0.0000   0.0000   0.0000   0.0000 
  0.0026   0.0014   0.0003   0.0001   0.0001   0.0003   0.0026   0.0000   0.0000   0.0001   0.0052   0.0084   1.1383   0.0000   0.1263   0.1242   0.0944   0.0049   0.0046   0.0172   0.0001   0.0001   0.0000   0.0000 
  0.0012   0.0003   0.0001   0.0000   0.0001   0.0001   0.0021   0.0000   0.0000   0.0000   0.0010   0.0012   1.1631   0.1263   0.0000   0.1259   0.0958   0.0049   0.0172   0.0049   0.0000   0.0000   0.0000   0.0000 
  0.0095   0.0010   0.0004   0.0001   0.0002   0.0003   0.0209   0.0000   0.0000   0.0004   0.0005   0.0004   1.1351   0.1242   0.1259   0.0000   0.0933   0.0171   0.0047   0.0048   0.0001   0.0000   0.0000   0.0000 
  0.0007   0.0004   0.0000   0.0000   0.0000   0.0001   0.0007   0.0000   0.0000   0.0001   0.0003   0.0004   0.6722   0.0944   0.0958   0.0933   0.0000   0.8638   0.8629   0.8639   0.0000   0.0000   0.0000   0.0000 
  0.0001   0.0001   0.0000   0.0000   0.0000   0.0000   0.0001   0.0000   0.0000   0.0000   0.0000   0.0001   0.0292   0.0049   0.0049   0.0171   0.8638   0.0000   0.0477   0.0478   0.0000   0.0000   0.0000   0.0000 
  0.0002   0.0004   0.0001   0.0000   0.0000   0.0000   0.0003   0.0000   0.0000   0.0000   0.0003   0.0008   0.0293   0.0046   0.0172   0.0047   0.8629   0.0477   0.0000   0.0476   0.0000   0.0000   0.0000   0.0000 
  0.0001   0.0001   0.0000   0.0000   0.0000   0.0000   0.0001   0.0000   0.0000   0.0000   0.0001   0.0001   0.0291   0.0172   0.0049   0.0048   0.8639   0.0478   0.0476   0.0000   0.0000   0.0000   0.0000   0.0000 
  0.0095   0.0100   1.0009   0.0164   0.0082   0.0051   0.0005   0.0024   0.0003   0.0003   0.0025   0.0013   0.0000   0.0001   0.0000   0.0001   0.0000   0.0000   0.0000   0.0000   0.0000   1.6782   1.0809   0.0024 
  0.0026   0.0173   0.0511   0.0339   0.0014   0.0129   0.0001   0.0012   0.0005   0.0001   0.0135   0.0181   0.0000   0.0001   0.0000   0.0000   0.0000   0.0000   0.0000   0.0000   1.6782   0.0000   0.1663   0.0065 
  0.0032   0.0110   0.0179   0.0078   0.0017   0.0037   0.0003   0.0021   0.0001   0.0000   0.0019   0.0030   0.0000   0.0000   0.0000   0.0000   0.0000   0.0000   0.0000   0.0000   1.0809   0.1663   0.0000   0.6882 
  0.0003   0.0005   0.0167   0.0004   0.0001   0.0001   0.0001   0.0001   0.0000   0.0000   0.0001   0.0001   0.0000   0.0000   0.0000   0.0000   0.0000   0.0000   0.0000   0.0000   0.0024   0.0065   0.6882   0.0000 

Freq:
    8.0637    14.5490    26.3990    33.5106    42.9167    59.7494    70.5401    77.2960   123.6994   179.3415   181.8182   183.0834   183.8551   211.9475   275.3707   317.4663   319.6684   350.0155   398.0741   421.9957   439.6623   466.8605   469.4641   523.1685   537.8121   538.3598   566.8727   566.9851   577.5069   598.0141   637.8930   697.6794   726.6044   727.6345   775.9773   813.3640   820.1909   930.8833   939.7208  1027.7840  1056.0145  1059.8561  1081.0945  1111.5725  1113.5750  1130.4634  1142.0454  1148.4327  1155.2662  1164.5908  1187.7959  1207.1543  1303.7924  1374.6472  1389.9302  1453.2489  1510.1550  1604.1694  1618.8881  1748.9508  2367.8639  3168.6736  3211.5934  3223.8373  3238.8301  3723.8648 
