Sum of electronic and zero-point Energies=          -4064.693397
Sum of electronic and thermal Energies=             -4064.673222
Sum of electronic and thermal Enthalpies=           -4064.672277
Sum of electronic and thermal Free Energies=        -4064.749368

Wiberg:
  0.0000   1.3240   0.0339   0.0780   0.0257   1.4291   0.8592   0.0006   0.0044   0.0177   0.0670   0.0011   0.0028   0.0013   0.0102   0.0007   0.0001   0.0002   0.0001   0.0279   0.0090   0.0020   0.0027   0.0003 
  1.3240   0.0000   1.2607   0.0210   0.0708   0.0149   0.0051   0.0091   0.0085   1.0519   0.1093   0.0002   0.0014   0.0003   0.0010   0.0004   0.0001   0.0004   0.0001   0.0168   0.0098   0.0168   0.0106   0.0005 
  0.0339   1.2607   0.0000   1.4395   0.0197   0.0876   0.0071   0.0041   0.0004   0.0123   0.0490   0.0001   0.0003   0.0001   0.0004   0.0000   0.0000   0.0001   0.0000   0.0231   0.9949   0.0516   0.0180   0.0168 
  0.0780   0.0210   1.4395   0.0000   1.3554   0.0145   0.0005   0.8801   0.0095   0.0133   0.0111   0.0000   0.0001   0.0000   0.0001   0.0000   0.0000   0.0000   0.0000   0.0410   0.0161   0.0342   0.0080   0.0004 
  0.0257   0.0708   0.0197   1.3554   0.0000   1.3939   0.0079   0.0042   0.0040   0.0075   0.0350   0.0001   0.0002   0.0001   0.0003   0.0000   0.0000   0.0000   0.0000   1.0922   0.0074   0.0016   0.0017   0.0001 
  1.4291   0.0149   0.0876   0.0145   1.3939   0.0000   0.0068   0.0092   0.8875   0.0122   0.0058   0.0001   0.0004   0.0001   0.0003   0.0001   0.0000   0.0001   0.0000   0.0478   0.0043   0.0120   0.0034   0.0001 
  0.8592   0.0051   0.0071   0.0005   0.0079   0.0068   0.0000   0.0002   0.0024   0.0017   0.0003   0.0017   0.0028   0.0022   0.0227   0.0007   0.0001   0.0003   0.0001   0.0011   0.0005   0.0001   0.0003   0.0001 
  0.0006   0.0091   0.0041   0.8801   0.0042   0.0092   0.0002   0.0000   0.0005   0.0006   0.0011   0.0000   0.0000   0.0000   0.0000   0.0000   0.0000   0.0000   0.0000   0.0050   0.0024   0.0014   0.0023   0.0001 
  0.0044   0.0085   0.0004   0.0095   0.0040   0.8875   0.0024   0.0005   0.0000   0.0006   0.0014   0.0001   0.0001   0.0001   0.0004   0.0001   0.0000   0.0000   0.0000   0.0047   0.0003   0.0001   0.0000   0.0000 
  0.0177   1.0519   0.0123   0.0133   0.0075   0.0122   0.0017   0.0006   0.0006   0.0000   2.6930   0.0005   0.0052   0.0010   0.0005   0.0003   0.0000   0.0004   0.0001   0.0065   0.0024   0.0128   0.0019   0.0001 
  0.0670   0.1093   0.0490   0.0111   0.0350   0.0058   0.0003   0.0011   0.0014   2.6930   0.0000   0.0007   0.0085   0.0012   0.0004   0.0004   0.0001   0.0008   0.0001   0.0170   0.0012   0.0173   0.0028   0.0001 
  0.0011   0.0002   0.0001   0.0000   0.0001   0.0001   0.0017   0.0000   0.0001   0.0005   0.0007   0.0000   1.1375   1.1643   1.1337   0.6724   0.0292   0.0293   0.0291   0.0000   0.0000   0.0000   0.0000   0.0000 
  0.0028   0.0014   0.0003   0.0001   0.0002   0.0004   0.0028   0.0000   0.0001   0.0052   0.0085   1.1375   0.0000   0.1263   0.1240   0.0943   0.0049   0.0046   0.0172   0.0001   0.0001   0.0001   0.0000   0.0000 
  0.0013   0.0003   0.0001   0.0000   0.0001   0.0001   0.0022   0.0000   0.0001   0.0010   0.0012   1.1643   0.1263   0.0000   0.1258   0.0958   0.0049   0.0172   0.0049   0.0000   0.0000   0.0000   0.0000   0.0000 
  0.0102   0.0010   0.0004   0.0001   0.0003   0.0003   0.0227   0.0000   0.0004   0.0005   0.0004   1.1337   0.1240   0.1258   0.0000   0.0931   0.0171   0.0046   0.0048   0.0002   0.0001   0.0000   0.0000   0.0000 
  0.0007   0.0004   0.0000   0.0000   0.0000   0.0001   0.0007   0.0000   0.0001   0.0003   0.0004   0.6724   0.0943   0.0958   0.0931   0.0000   0.8641   0.8629   0.8641   0.0000   0.0000   0.0000   0.0000   0.0000 
  0.0001   0.0001   0.0000   0.0000   0.0000   0.0000   0.0001   0.0000   0.0000   0.0000   0.0001   0.0292   0.0049   0.0049   0.0171   0.8641   0.0000   0.0477   0.0478   0.0000   0.0000   0.0000   0.0000   0.0000 
  0.0002   0.0004   0.0001   0.0000   0.0000   0.0001   0.0003   0.0000   0.0000   0.0004   0.0008   0.0293   0.0046   0.0172   0.0046   0.8629   0.0477   0.0000   0.0476   0.0000   0.0000   0.0000   0.0000   0.0000 
  0.0001   0.0001   0.0000   0.0000   0.0000   0.0000   0.0001   0.0000   0.0000   0.0001   0.0001   0.0291   0.0172   0.0049   0.0048   0.8641   0.0478   0.0476   0.0000   0.0000   0.0000   0.0000   0.0000   0.0000 
  0.0279   0.0168   0.0231   0.0410   1.0922   0.0478   0.0011   0.0050   0.0047   0.0065   0.0170   0.0000   0.0001   0.0000   0.0002   0.0000   0.0000   0.0000   0.0000   0.0000   0.0008   0.0016   0.0005   0.0001 
  0.0090   0.0098   0.9949   0.0161   0.0074   0.0043   0.0005   0.0024   0.0003   0.0024   0.0012   0.0000   0.0001   0.0000   0.0001   0.0000   0.0000   0.0000   0.0000   0.0008   0.0000   1.6845   1.0836   0.0023 
  0.0020   0.0168   0.0516   0.0342   0.0016   0.0120   0.0001   0.0014   0.0001   0.0128   0.0173   0.0000   0.0001   0.0000   0.0000   0.0000   0.0000   0.0000   0.0000   0.0016   1.6845   0.0000   0.1681   0.0064 
  0.0027   0.0106   0.0180   0.0080   0.0017   0.0034   0.0003   0.0023   0.0000   0.0019   0.0028   0.0000   0.0000   0.0000   0.0000   0.0000   0.0000   0.0000   0.0000   0.0005   1.0836   0.1681   0.0000   0.6863 
  0.0003   0.0005   0.0168   0.0004   0.0001   0.0001   0.0001   0.0001   0.0000   0.0001   0.0001   0.0000   0.0000   0.0000   0.0000   0.0000   0.0000   0.0000   0.0000   0.0001   0.0023   0.0064   0.6863   0.0000 

Freq:
   11.0404    12.4629    23.8929    30.5409    36.6171    50.0512    69.2135    74.7298    81.8139   137.4799   147.9228   174.7424   182.7604   183.2389   237.0229   263.3290   275.6504   283.2580   317.5673   319.9357   358.4547   426.1697   430.6595   466.9521   469.5571   476.1293   537.8403   538.3552   562.4212   567.3074   574.4203   594.8635   607.4403   656.9413   705.2567   727.7593   732.5814   799.3106   850.3554   872.9080   930.7817   947.1421  1042.5284  1073.7284  1107.9106  1111.7879  1113.9968  1129.9275  1147.8428  1150.7164  1155.7260  1184.0947  1202.6537  1298.1929  1358.0434  1380.7544  1422.2615  1497.5250  1586.4783  1600.5556  1753.5392  2360.2233  3161.1137  3228.8795  3245.0867  3720.9608 
