Sum of electronic and zero-point Energies=          -1507.021679
Sum of electronic and thermal Energies=             -1507.003528
Sum of electronic and thermal Enthalpies=           -1507.002584
Sum of electronic and thermal Free Energies=        -1507.072730

Wiberg:
  0.0000   1.4037   0.0164   0.0921   0.0151   1.4406   0.8984   0.0069   0.0107   0.0041   0.0005   0.0003   0.0011   0.0008   0.0057   0.0006   0.0001   0.0001   0.0038   0.0088   0.0030   0.0115   0.0110 
  1.4037   0.0000   1.3409   0.0356   0.0804   0.0268   0.0042   0.8462   0.0180   0.0684   0.0023   0.0007   0.0164   0.0022   0.0076   0.0018   0.0001   0.0002   0.0095   0.0006   0.0084   0.0028   0.0080 
  0.0164   1.3409   0.0000   1.2780   0.0270   0.0825   0.0088   0.0054   1.0334   0.0917   0.0009   0.0008   0.0029   0.0010   0.0050   0.0008   0.0002   0.0001   0.0005   0.0088   0.0067   0.0152   0.0214 
  0.0921   0.0356   1.2780   0.0000   1.4327   0.0176   0.0005   0.0068   0.0102   0.0432   0.0002   0.0001   0.0008   0.0006   0.0032   0.0001   0.0000   0.0000   0.0083   0.0039   0.9229   0.0648   0.0766 
  0.0151   0.0804   0.0270   1.4327   0.0000   1.3872   0.0094   0.0005   0.0119   0.0107   0.0001   0.0000   0.0002   0.0004   0.0031   0.0001   0.0000   0.0000   0.0035   0.8838   0.0103   0.0318   0.0187 
  1.4406   0.0268   0.0825   0.0176   1.3872   0.0000   0.0038   0.0082   0.0065   0.0345   0.0001   0.0001   0.0009   0.0002   0.0008   0.0003   0.0000   0.0000   0.9058   0.0050   0.0095   0.0026   0.0019 
  0.8984   0.0042   0.0088   0.0005   0.0094   0.0038   0.0000   0.0022   0.0006   0.0015   0.0000   0.0001   0.0005   0.0001   0.0000   0.0003   0.0000   0.0001   0.0025   0.0005   0.0003   0.0001   0.0001 
  0.0069   0.8462   0.0054   0.0068   0.0005   0.0082   0.0022   0.0000   0.0019   0.0004   0.0014   0.0008   0.0260   0.0025   0.0008   0.0013   0.0001   0.0002   0.0004   0.0002   0.0006   0.0001   0.0006 
  0.0107   0.0180   1.0334   0.0102   0.0119   0.0065   0.0006   0.0019   0.0000   2.7027   0.0022   0.0020   0.0150   0.0012   0.0043   0.0002   0.0002   0.0004   0.0004   0.0006   0.0024   0.0192   0.0022 
  0.0041   0.0684   0.0917   0.0432   0.0107   0.0345   0.0015   0.0004   2.7027   0.0000   0.0020   0.0030   0.0238   0.0012   0.0042   0.0003   0.0003   0.0006   0.0001   0.0008   0.0008   0.0241   0.0052 
  0.0005   0.0023   0.0009   0.0002   0.0001   0.0001   0.0000   0.0014   0.0022   0.0020   0.0000   0.6665   1.0840   1.2403   1.1186   0.0282   0.0295   0.0295   0.0000   0.0000   0.0000   0.0001   0.0000 
  0.0003   0.0007   0.0008   0.0001   0.0000   0.0001   0.0001   0.0008   0.0020   0.0030   0.6665   0.0000   0.0874   0.1034   0.0927   0.8334   0.8771   0.8763   0.0000   0.0000   0.0000   0.0001   0.0000 
  0.0011   0.0164   0.0029   0.0008   0.0002   0.0009   0.0005   0.0260   0.0150   0.0238   1.0840   0.0874   0.0000   0.1287   0.1172   0.0040   0.0043   0.0161   0.0002   0.0000   0.0002   0.0005   0.0002 
  0.0008   0.0022   0.0010   0.0006   0.0004   0.0002   0.0001   0.0025   0.0012   0.0012   1.2403   0.1034   0.1287   0.0000   0.1339   0.0175   0.0050   0.0050   0.0000   0.0000   0.0001   0.0001   0.0001 
  0.0057   0.0076   0.0050   0.0032   0.0031   0.0008   0.0000   0.0008   0.0043   0.0042   1.1186   0.0927   0.1172   0.1339   0.0000   0.0043   0.0168   0.0044   0.0000   0.0000   0.0002   0.0005   0.0003 
  0.0006   0.0018   0.0008   0.0001   0.0001   0.0003   0.0003   0.0013   0.0002   0.0003   0.0282   0.8334   0.0040   0.0175   0.0043   0.0000   0.0470   0.0469   0.0000   0.0000   0.0000   0.0000   0.0000 
  0.0001   0.0001   0.0002   0.0000   0.0000   0.0000   0.0000   0.0001   0.0002   0.0003   0.0295   0.8771   0.0043   0.0050   0.0168   0.0470   0.0000   0.0490   0.0000   0.0000   0.0000   0.0000   0.0000 
  0.0001   0.0002   0.0001   0.0000   0.0000   0.0000   0.0001   0.0002   0.0004   0.0006   0.0295   0.8763   0.0161   0.0050   0.0044   0.0469   0.0490   0.0000   0.0000   0.0000   0.0000   0.0000   0.0000 
  0.0038   0.0095   0.0005   0.0083   0.0035   0.9058   0.0025   0.0004   0.0004   0.0001   0.0000   0.0000   0.0002   0.0000   0.0000   0.0000   0.0000   0.0000   0.0000   0.0026   0.0004   0.0006   0.0002 
  0.0088   0.0006   0.0088   0.0039   0.8838   0.0050   0.0005   0.0002   0.0006   0.0008   0.0000   0.0000   0.0000   0.0000   0.0000   0.0000   0.0000   0.0000   0.0026   0.0000   0.0029   0.0018   0.0054 
  0.0030   0.0084   0.0067   0.9229   0.0103   0.0095   0.0003   0.0006   0.0024   0.0008   0.0000   0.0000   0.0002   0.0001   0.0002   0.0000   0.0000   0.0000   0.0004   0.0029   0.0000   1.4776   1.5220 
  0.0115   0.0028   0.0152   0.0648   0.0318   0.0026   0.0001   0.0001   0.0192   0.0241   0.0001   0.0001   0.0005   0.0001   0.0005   0.0000   0.0000   0.0000   0.0006   0.0018   1.4776   0.0000   0.4084 
  0.0110   0.0080   0.0214   0.0766   0.0187   0.0019   0.0001   0.0006   0.0022   0.0052   0.0000   0.0000   0.0002   0.0001   0.0003   0.0000   0.0000   0.0000   0.0002   0.0054   1.5220   0.4084   0.0000 

Freq:
    8.5404    21.6122    32.2263    43.5522    49.9193    58.4394   110.1117   115.7636   135.0501   159.8127   186.3066   187.7365   190.1901   241.9673   275.4927   315.4191   325.2726   364.7752   385.1961   427.7279   440.4611   468.4743   483.7967   525.1119   536.4156   541.4271   546.2013   586.2509   589.5297   665.8010   678.2892   726.9339   753.3013   781.1125   807.9954   865.0793   928.4025   931.4068  1017.0976  1030.0204  1051.2127  1075.9608  1095.4272  1102.6036  1160.0769  1165.7912  1173.8143  1175.4346  1186.1529  1219.1664  1289.5890  1376.7241  1385.0975  1455.2771  1497.2234  1598.0907  1611.5092  1645.0676  2376.1078  3145.1543  3203.7952  3219.2735  3234.1079 
