Sum of electronic and zero-point Energies=          -1507.061771
Sum of electronic and thermal Energies=             -1507.043366
Sum of electronic and thermal Enthalpies=           -1507.042422
Sum of electronic and thermal Free Energies=        -1507.114928

Wiberg:
  0.0000   1.4066   0.0154   0.0878   0.0191   1.4417   0.8943   0.0068   0.0116   0.0049   0.0001   0.0001   0.0003   0.0001   0.0005   0.0002   0.0000   0.0000   0.0039   0.0087   0.0037   0.0122   0.0111 
  1.4066   0.0000   1.3406   0.0412   0.0742   0.0291   0.0040   0.8586   0.0190   0.0723   0.0012   0.0007   0.0106   0.0015   0.0030   0.0004   0.0001   0.0001   0.0093   0.0006   0.0087   0.0034   0.0092 
  0.0154   1.3406   0.0000   1.2568   0.0261   0.0808   0.0085   0.0052   1.0457   0.1025   0.0003   0.0004   0.0014   0.0003   0.0014   0.0002   0.0001   0.0001   0.0004   0.0087   0.0063   0.0146   0.0205 
  0.0878   0.0412   1.2568   0.0000   1.4443   0.0205   0.0005   0.0068   0.0105   0.0442   0.0001   0.0001   0.0004   0.0001   0.0003   0.0000   0.0000   0.0000   0.0080   0.0040   0.9295   0.0636   0.0754 
  0.0191   0.0742   0.0261   1.4443   0.0000   1.3717   0.0094   0.0004   0.0128   0.0126   0.0000   0.0000   0.0001   0.0000   0.0002   0.0000   0.0000   0.0000   0.0036   0.8789   0.0117   0.0334   0.0197 
  1.4417   0.0291   0.0808   0.0205   1.3717   0.0000   0.0041   0.0085   0.0084   0.0393   0.0001   0.0000   0.0002   0.0000   0.0002   0.0000   0.0000   0.0000   0.8984   0.0051   0.0095   0.0021   0.0020 
  0.8943   0.0040   0.0085   0.0005   0.0094   0.0041   0.0000   0.0022   0.0007   0.0015   0.0001   0.0001   0.0004   0.0001   0.0001   0.0001   0.0000   0.0000   0.0026   0.0004   0.0003   0.0001   0.0001 
  0.0068   0.8586   0.0052   0.0068   0.0004   0.0085   0.0022   0.0000   0.0019   0.0003   0.0016   0.0006   0.0237   0.0023   0.0022   0.0003   0.0001   0.0001   0.0004   0.0002   0.0006   0.0001   0.0006 
  0.0116   0.0190   1.0457   0.0105   0.0128   0.0084   0.0007   0.0019   0.0000   2.7031   0.0006   0.0008   0.0006   0.0002   0.0053   0.0001   0.0002   0.0001   0.0004   0.0007   0.0023   0.0179   0.0020 
  0.0049   0.0723   0.1025   0.0442   0.0126   0.0393   0.0015   0.0003   2.7031   0.0000   0.0009   0.0008   0.0003   0.0002   0.0091   0.0001   0.0002   0.0001   0.0001   0.0009   0.0008   0.0223   0.0049 
  0.0001   0.0012   0.0003   0.0001   0.0000   0.0001   0.0001   0.0016   0.0006   0.0009   0.0000   0.6730   1.1323   1.1657   1.1359   0.0294   0.0293   0.0292   0.0000   0.0000   0.0000   0.0000   0.0000 
  0.0001   0.0007   0.0004   0.0001   0.0000   0.0000   0.0001   0.0006   0.0008   0.0008   0.6730   0.0000   0.0932   0.0959   0.0926   0.8638   0.8642   0.8642   0.0000   0.0000   0.0000   0.0000   0.0000 
  0.0003   0.0106   0.0014   0.0004   0.0001   0.0002   0.0004   0.0237   0.0006   0.0003   1.1323   0.0932   0.0000   0.1255   0.1241   0.0045   0.0048   0.0170   0.0001   0.0000   0.0001   0.0000   0.0001 
  0.0001   0.0015   0.0003   0.0001   0.0000   0.0000   0.0001   0.0023   0.0002   0.0002   1.1657   0.0959   0.1255   0.0000   0.1276   0.0172   0.0049   0.0049   0.0000   0.0000   0.0000   0.0000   0.0000 
  0.0005   0.0030   0.0014   0.0003   0.0002   0.0002   0.0001   0.0022   0.0053   0.0091   1.1359   0.0926   0.1241   0.1276   0.0000   0.0047   0.0169   0.0049   0.0000   0.0000   0.0001   0.0002   0.0001 
  0.0002   0.0004   0.0002   0.0000   0.0000   0.0000   0.0001   0.0003   0.0001   0.0001   0.0294   0.8638   0.0045   0.0172   0.0047   0.0000   0.0476   0.0476   0.0000   0.0000   0.0000   0.0000   0.0000 
  0.0000   0.0001   0.0001   0.0000   0.0000   0.0000   0.0000   0.0001   0.0002   0.0002   0.0293   0.8642   0.0048   0.0049   0.0169   0.0476   0.0000   0.0478   0.0000   0.0000   0.0000   0.0000   0.0000 
  0.0000   0.0001   0.0001   0.0000   0.0000   0.0000   0.0000   0.0001   0.0001   0.0001   0.0292   0.8642   0.0170   0.0049   0.0049   0.0476   0.0478   0.0000   0.0000   0.0000   0.0000   0.0000   0.0000 
  0.0039   0.0093   0.0004   0.0080   0.0036   0.8984   0.0026   0.0004   0.0004   0.0001   0.0000   0.0000   0.0001   0.0000   0.0000   0.0000   0.0000   0.0000   0.0000   0.0026   0.0004   0.0005   0.0001 
  0.0087   0.0006   0.0087   0.0040   0.8789   0.0051   0.0004   0.0002   0.0007   0.0009   0.0000   0.0000   0.0000   0.0000   0.0000   0.0000   0.0000   0.0000   0.0026   0.0000   0.0029   0.0016   0.0047 
  0.0037   0.0087   0.0063   0.9295   0.0117   0.0095   0.0003   0.0006   0.0023   0.0008   0.0000   0.0000   0.0001   0.0000   0.0001   0.0000   0.0000   0.0000   0.0004   0.0029   0.0000   1.4746   1.5158 
  0.0122   0.0034   0.0146   0.0636   0.0334   0.0021   0.0001   0.0001   0.0179   0.0223   0.0000   0.0000   0.0000   0.0000   0.0002   0.0000   0.0000   0.0000   0.0005   0.0016   1.4746   0.0000   0.3988 
  0.0111   0.0092   0.0205   0.0754   0.0197   0.0020   0.0001   0.0006   0.0020   0.0049   0.0000   0.0000   0.0001   0.0000   0.0001   0.0000   0.0000   0.0000   0.0001   0.0047   1.5158   0.3988   0.0000 

Freq:
   10.4465    13.7480    21.8203    29.9036    36.3546    48.8121    68.1510    82.0794   123.7881   181.6574   183.3411   187.8538   191.8404   243.9233   276.3335   317.0147   321.0485   362.9386   398.1647   435.6741   438.5791   466.2247   470.0046   526.6349   537.9196   538.5899   557.8483   566.8011   590.8554   663.9228   677.6840   728.0093   751.4224   778.6115   805.1321   863.2634   930.1930   931.8692  1014.8573  1042.8415  1056.2787  1078.2593  1111.3931  1115.0343  1129.0834  1149.1985  1155.4580  1161.3853  1176.0424  1187.5987  1290.6189  1370.0228  1392.8738  1457.6846  1494.6191  1583.2905  1594.4972  1632.7281  2376.6847  3150.2777  3217.6147  3227.9975  3241.7396 
