Sum of electronic and zero-point Energies=          -1507.070170
Sum of electronic and thermal Energies=             -1507.051788
Sum of electronic and thermal Enthalpies=           -1507.050844
Sum of electronic and thermal Free Energies=        -1507.122659

Wiberg:
  0.0000   1.4458   0.0152   0.0990   0.0146   1.4192   0.8932   0.0066   0.0004   0.0120   0.0054   0.0001   0.0001   0.0003   0.0001   0.0007   0.0002   0.0000   0.0000   0.0047   0.0091   0.0017   0.0032 
  1.4458   0.0000   1.3036   0.0290   0.0820   0.0352   0.0041   0.8610   0.0076   0.0168   0.0595   0.0012   0.0007   0.0102   0.0015   0.0029   0.0004   0.0001   0.0001   0.0087   0.0027   0.0080   0.0113 
  0.0152   1.3036   0.0000   1.3192   0.0189   0.0744   0.0089   0.0053   0.0044   1.0432   0.1078   0.0003   0.0004   0.0012   0.0003   0.0016   0.0002   0.0001   0.0001   0.0005   0.0091   0.0047   0.0021 
  0.0990   0.0290   1.3192   0.0000   1.4180   0.0148   0.0004   0.0073   0.8723   0.0167   0.0619   0.0000   0.0000   0.0004   0.0001   0.0004   0.0000   0.0000   0.0000   0.0087   0.0092   0.0330   0.0159 
  0.0146   0.0820   0.0189   1.4180   0.0000   1.3619   0.0084   0.0005   0.0049   0.0113   0.0064   0.0000   0.0000   0.0001   0.0000   0.0002   0.0000   0.0000   0.0000   0.0037   0.9151   0.0691   0.0703 
  1.4192   0.0352   0.0744   0.0148   1.3619   0.0000   0.0039   0.0086   0.0091   0.0084   0.0370   0.0000   0.0000   0.0003   0.0000   0.0001   0.0000   0.0000   0.0000   0.8844   0.0092   0.0127   0.0283 
  0.8932   0.0041   0.0089   0.0004   0.0084   0.0039   0.0000   0.0022   0.0002   0.0007   0.0012   0.0000   0.0001   0.0004   0.0001   0.0001   0.0001   0.0000   0.0000   0.0026   0.0004   0.0002   0.0006 
  0.0066   0.8610   0.0053   0.0073   0.0005   0.0086   0.0022   0.0000   0.0006   0.0015   0.0003   0.0017   0.0006   0.0226   0.0023   0.0023   0.0003   0.0001   0.0001   0.0003   0.0003   0.0001   0.0001 
  0.0004   0.0076   0.0044   0.8723   0.0049   0.0091   0.0002   0.0006   0.0000   0.0018   0.0004   0.0000   0.0000   0.0001   0.0000   0.0001   0.0000   0.0000   0.0000   0.0006   0.0026   0.0018   0.0048 
  0.0120   0.0168   1.0432   0.0167   0.0113   0.0084   0.0007   0.0015   0.0018   0.0000   2.7250   0.0006   0.0006   0.0006   0.0002   0.0040   0.0001   0.0001   0.0000   0.0004   0.0005   0.0014   0.0003 
  0.0054   0.0595   0.1078   0.0619   0.0064   0.0370   0.0012   0.0003   0.0004   2.7250   0.0000   0.0007   0.0004   0.0003   0.0002   0.0059   0.0001   0.0001   0.0000   0.0000   0.0010   0.0026   0.0002 
  0.0001   0.0012   0.0003   0.0000   0.0000   0.0000   0.0000   0.0017   0.0000   0.0006   0.0007   0.0000   0.6731   1.1337   1.1656   1.1344   0.0294   0.0293   0.0292   0.0000   0.0000   0.0000   0.0000 
  0.0001   0.0007   0.0004   0.0000   0.0000   0.0000   0.0001   0.0006   0.0000   0.0006   0.0004   0.6731   0.0000   0.0933   0.0958   0.0931   0.8638   0.8642   0.8641   0.0000   0.0000   0.0000   0.0000 
  0.0003   0.0102   0.0012   0.0004   0.0001   0.0003   0.0004   0.0226   0.0001   0.0006   0.0003   1.1337   0.0933   0.0000   0.1257   0.1240   0.0045   0.0048   0.0171   0.0000   0.0000   0.0000   0.0000 
  0.0001   0.0015   0.0003   0.0001   0.0000   0.0000   0.0001   0.0023   0.0000   0.0002   0.0002   1.1656   0.0958   0.1257   0.0000   0.1273   0.0172   0.0049   0.0049   0.0000   0.0000   0.0000   0.0000 
  0.0007   0.0029   0.0016   0.0004   0.0002   0.0001   0.0001   0.0023   0.0001   0.0040   0.0059   1.1344   0.0931   0.1240   0.1273   0.0000   0.0048   0.0169   0.0049   0.0000   0.0000   0.0000   0.0000 
  0.0002   0.0004   0.0002   0.0000   0.0000   0.0000   0.0001   0.0003   0.0000   0.0001   0.0001   0.0294   0.8638   0.0045   0.0172   0.0048   0.0000   0.0476   0.0476   0.0000   0.0000   0.0000   0.0000 
  0.0000   0.0001   0.0001   0.0000   0.0000   0.0000   0.0000   0.0001   0.0000   0.0001   0.0001   0.0293   0.8642   0.0048   0.0049   0.0169   0.0476   0.0000   0.0478   0.0000   0.0000   0.0000   0.0000 
  0.0000   0.0001   0.0001   0.0000   0.0000   0.0000   0.0000   0.0001   0.0000   0.0000   0.0000   0.0292   0.8641   0.0171   0.0049   0.0049   0.0476   0.0478   0.0000   0.0000   0.0000   0.0000   0.0000 
  0.0047   0.0087   0.0005   0.0087   0.0037   0.8844   0.0026   0.0003   0.0006   0.0004   0.0000   0.0000   0.0000   0.0000   0.0000   0.0000   0.0000   0.0000   0.0000   0.0000   0.0026   0.0046   0.0016 
  0.0091   0.0027   0.0091   0.0092   0.9151   0.0092   0.0004   0.0003   0.0026   0.0005   0.0010   0.0000   0.0000   0.0000   0.0000   0.0000   0.0000   0.0000   0.0000   0.0026   0.0000   1.5029   1.4996 
  0.0017   0.0080   0.0047   0.0330   0.0691   0.0127   0.0002   0.0001   0.0018   0.0014   0.0026   0.0000   0.0000   0.0000   0.0000   0.0000   0.0000   0.0000   0.0000   0.0046   1.5029   0.0000   0.3990 
  0.0032   0.0113   0.0021   0.0159   0.0703   0.0283   0.0006   0.0001   0.0048   0.0003   0.0002   0.0000   0.0000   0.0000   0.0000   0.0000   0.0000   0.0000   0.0000   0.0016   1.4996   0.3990   0.0000 

Freq:
   11.2429    19.6535    24.8131    37.0903    43.2292    51.4209    68.6793    79.3677   133.5295   139.6819   181.2938   186.9260   187.7270   255.7011   276.6076   317.3921   321.1527   380.4677   401.7014   433.5894   444.2159   467.1420   470.0908   515.6235   538.0200   538.7876   565.5969   567.0309   573.7946   656.5254   674.0675   728.0679   752.1292   795.5849   831.8053   910.9152   929.8115   931.1592   996.7592  1008.8412  1032.9971  1091.4242  1111.2507  1113.2705  1115.2841  1129.9270  1149.3390  1155.8341  1160.6405  1191.4800  1302.4353  1377.5622  1383.1211  1460.9403  1477.1803  1575.5204  1613.5290  1632.7965  2384.0477  3159.7776  3226.0414  3242.0002  3251.9312 
