Sum of electronic and zero-point Energies=          -1507.027581
Sum of electronic and thermal Energies=             -1507.009646
Sum of electronic and thermal Enthalpies=           -1507.008702
Sum of electronic and thermal Free Energies=        -1507.078811

Wiberg:
  0.0000   1.4339   0.0151   0.1033   0.0144   1.4285   0.9008   0.0057   0.0005   0.0104   0.0022   0.0001   0.0001   0.0030   0.0004   0.0002   0.0002   0.0000   0.0000   0.0047   0.0091   0.0018   0.0036 
  1.4339   0.0000   1.3348   0.0223   0.0868   0.0270   0.0039   0.8659   0.0081   0.0138   0.0490   0.0015   0.0005   0.0114   0.0013   0.0052   0.0008   0.0002   0.0002   0.0089   0.0021   0.0080   0.0107 
  0.0151   1.3348   0.0000   1.3396   0.0194   0.0822   0.0092   0.0052   0.0042   1.0163   0.0799   0.0006   0.0004   0.0052   0.0010   0.0026   0.0006   0.0001   0.0001   0.0005   0.0089   0.0052   0.0022 
  0.1033   0.0223   1.3396   0.0000   1.4121   0.0140   0.0004   0.0073   0.8797   0.0135   0.0533   0.0002   0.0000   0.0052   0.0017   0.0042   0.0001   0.0000   0.0000   0.0089   0.0082   0.0316   0.0156 
  0.0144   0.0868   0.0194   1.4121   0.0000   1.3719   0.0086   0.0005   0.0048   0.0105   0.0051   0.0001   0.0000   0.0008   0.0003   0.0005   0.0001   0.0000   0.0000   0.0036   0.9089   0.0709   0.0718 
  1.4285   0.0270   0.0822   0.0140   1.3719   0.0000   0.0037   0.0086   0.0094   0.0043   0.0290   0.0001   0.0000   0.0014   0.0005   0.0020   0.0000   0.0000   0.0000   0.8873   0.0084   0.0133   0.0282 
  0.9008   0.0039   0.0092   0.0004   0.0086   0.0037   0.0000   0.0024   0.0003   0.0004   0.0006   0.0000   0.0000   0.0002   0.0000   0.0001   0.0000   0.0000   0.0000   0.0026   0.0005   0.0002   0.0007 
  0.0057   0.8659   0.0052   0.0073   0.0005   0.0086   0.0024   0.0000   0.0006   0.0018   0.0005   0.0006   0.0004   0.0115   0.0007   0.0006   0.0011   0.0008   0.0003   0.0003   0.0003   0.0001   0.0001 
  0.0005   0.0081   0.0042   0.8797   0.0048   0.0094   0.0003   0.0006   0.0000   0.0017   0.0004   0.0000   0.0000   0.0003   0.0001   0.0001   0.0000   0.0000   0.0000   0.0006   0.0027   0.0021   0.0060 
  0.0104   0.0138   1.0163   0.0135   0.0105   0.0043   0.0004   0.0018   0.0017   0.0000   2.6291   0.0032   0.0007   0.0394   0.0135   0.0597   0.0009   0.0002   0.0001   0.0004   0.0004   0.0013   0.0003 
  0.0022   0.0490   0.0799   0.0533   0.0051   0.0290   0.0006   0.0005   0.0004   2.6291   0.0000   0.0034   0.0006   0.0569   0.0209   0.0993   0.0004   0.0002   0.0001   0.0000   0.0009   0.0023   0.0002 
  0.0001   0.0015   0.0006   0.0002   0.0001   0.0001   0.0000   0.0006   0.0000   0.0032   0.0034   0.0000   0.6716   1.0586   1.2524   1.1208   0.0288   0.0296   0.0302   0.0000   0.0000   0.0000   0.0000 
  0.0001   0.0005   0.0004   0.0000   0.0000   0.0000   0.0000   0.0004   0.0000   0.0007   0.0006   0.6716   0.0000   0.0887   0.1020   0.0926   0.8382   0.8696   0.8835   0.0000   0.0000   0.0000   0.0000 
  0.0030   0.0114   0.0052   0.0052   0.0008   0.0014   0.0002   0.0115   0.0003   0.0394   0.0569   1.0586   0.0887   0.0000   0.1250   0.1071   0.0043   0.0044   0.0165   0.0001   0.0002   0.0003   0.0001 
  0.0004   0.0013   0.0010   0.0017   0.0003   0.0005   0.0000   0.0007   0.0001   0.0135   0.0209   1.2524   0.1020   0.1250   0.0000   0.1296   0.0176   0.0050   0.0050   0.0000   0.0001   0.0001   0.0000 
  0.0002   0.0052   0.0026   0.0042   0.0005   0.0020   0.0001   0.0006   0.0001   0.0597   0.0993   1.1208   0.0926   0.1071   0.1296   0.0000   0.0049   0.0170   0.0045   0.0000   0.0002   0.0002   0.0000 
  0.0002   0.0008   0.0006   0.0001   0.0001   0.0000   0.0000   0.0011   0.0000   0.0009   0.0004   0.0288   0.8382   0.0043   0.0176   0.0049   0.0000   0.0470   0.0474   0.0000   0.0000   0.0000   0.0000 
  0.0000   0.0002   0.0001   0.0000   0.0000   0.0000   0.0000   0.0008   0.0000   0.0002   0.0002   0.0296   0.8696   0.0044   0.0050   0.0170   0.0470   0.0000   0.0488   0.0000   0.0000   0.0000   0.0000 
  0.0000   0.0002   0.0001   0.0000   0.0000   0.0000   0.0000   0.0003   0.0000   0.0001   0.0001   0.0302   0.8835   0.0165   0.0050   0.0045   0.0474   0.0488   0.0000   0.0000   0.0000   0.0000   0.0000 
  0.0047   0.0089   0.0005   0.0089   0.0036   0.8873   0.0026   0.0003   0.0006   0.0004   0.0000   0.0000   0.0000   0.0001   0.0000   0.0000   0.0000   0.0000   0.0000   0.0000   0.0026   0.0054   0.0017 
  0.0091   0.0021   0.0089   0.0082   0.9089   0.0084   0.0005   0.0003   0.0027   0.0004   0.0009   0.0000   0.0000   0.0002   0.0001   0.0002   0.0000   0.0000   0.0000   0.0026   0.0000   1.5092   1.5032 
  0.0018   0.0080   0.0052   0.0316   0.0709   0.0133   0.0002   0.0001   0.0021   0.0013   0.0023   0.0000   0.0000   0.0003   0.0001   0.0002   0.0000   0.0000   0.0000   0.0054   1.5092   0.0000   0.4102 
  0.0036   0.0107   0.0022   0.0156   0.0718   0.0282   0.0007   0.0001   0.0060   0.0003   0.0002   0.0000   0.0000   0.0001   0.0000   0.0000   0.0000   0.0000   0.0000   0.0017   1.5032   0.4102   0.0000 

Freq:
    6.1167    15.3959    30.2499    41.5616    52.2120    79.5523   103.2193   134.8428   148.0257   181.3244   186.9684   199.7711   225.2015   276.3639   281.3490   317.5240   329.5207   382.9736   388.5631   435.5850   459.8781   461.2197   477.1716   479.6314   537.8640   541.1595   546.0690   563.2902   583.6506   660.2472   672.5830   727.8982   752.4656   797.2635   825.7238   906.8867   923.6623   933.4625   973.4999  1011.9803  1025.2549  1069.9385  1089.6891  1104.4804  1111.5214  1158.2465  1159.7865  1181.2139  1184.2867  1228.3648  1290.8915  1372.5232  1385.1843  1451.6256  1481.9569  1601.7778  1617.2451  1651.6193  2290.4515  3213.0304  3232.1220  3236.3366  3240.6266 
