Sum of electronic and zero-point Energies=          -3876.105385
Sum of electronic and thermal Energies=             -3876.088055
Sum of electronic and thermal Enthalpies=           -3876.087111
Sum of electronic and thermal Free Energies=        -3876.158130

Wiberg:
  0.0000   1.2935   0.0357   0.0905   0.0246   1.4635   0.8644   0.0077   0.0005   0.0046   0.0169   0.0612   0.0010   0.0030   0.0012   0.0087   0.0007   0.0001   0.0002   0.0001   0.0267 
  1.2935   0.0000   1.2913   0.0157   0.0686   0.0149   0.0051   0.0038   0.0086   0.0088   1.0632   0.1239   0.0002   0.0010   0.0002   0.0006   0.0001   0.0000   0.0002   0.0000   0.0144 
  0.0357   1.2913   0.0000   1.4743   0.0231   0.0923   0.0074   0.8909   0.0045   0.0005   0.0166   0.0598   0.0000   0.0002   0.0001   0.0003   0.0000   0.0000   0.0000   0.0000   0.0261 
  0.0905   0.0157   1.4743   0.0000   1.3700   0.0124   0.0004   0.0055   0.8892   0.0095   0.0132   0.0087   0.0000   0.0001   0.0000   0.0001   0.0000   0.0000   0.0000   0.0000   0.0429 
  0.0246   0.0686   0.0231   1.3700   0.0000   1.3786   0.0081   0.0084   0.0040   0.0039   0.0093   0.0382   0.0000   0.0001   0.0000   0.0002   0.0000   0.0000   0.0000   0.0000   1.0892 
  1.4635   0.0149   0.0923   0.0124   1.3786   0.0000   0.0067   0.0004   0.0093   0.8895   0.0130   0.0078   0.0001   0.0005   0.0001   0.0004   0.0001   0.0000   0.0001   0.0000   0.0440 
  0.8644   0.0051   0.0074   0.0004   0.0081   0.0067   0.0000   0.0008   0.0002   0.0024   0.0015   0.0003   0.0017   0.0035   0.0022   0.0192   0.0007   0.0001   0.0003   0.0001   0.0011 
  0.0077   0.0038   0.8909   0.0055   0.0084   0.0004   0.0008   0.0000   0.0028   0.0003   0.0019   0.0006   0.0000   0.0001   0.0000   0.0001   0.0000   0.0000   0.0000   0.0000   0.0012 
  0.0005   0.0086   0.0045   0.8892   0.0040   0.0093   0.0002   0.0028   0.0000   0.0005   0.0006   0.0012   0.0000   0.0000   0.0000   0.0000   0.0000   0.0000   0.0000   0.0000   0.0048 
  0.0046   0.0088   0.0005   0.0095   0.0039   0.8895   0.0024   0.0003   0.0005   0.0000   0.0006   0.0012   0.0001   0.0001   0.0001   0.0004   0.0001   0.0000   0.0000   0.0000   0.0048 
  0.0169   1.0632   0.0166   0.0132   0.0093   0.0130   0.0015   0.0019   0.0006   0.0006   0.0000   2.6931   0.0005   0.0031   0.0005   0.0005   0.0003   0.0000   0.0003   0.0000   0.0072 
  0.0612   0.1239   0.0598   0.0087   0.0382   0.0078   0.0003   0.0006   0.0012   0.0012   2.6931   0.0000   0.0007   0.0047   0.0005   0.0005   0.0003   0.0001   0.0003   0.0000   0.0173 
  0.0010   0.0002   0.0000   0.0000   0.0000   0.0001   0.0017   0.0000   0.0000   0.0001   0.0005   0.0007   0.0000   1.1357   1.1633   1.1372   0.6724   0.0291   0.0293   0.0291   0.0000 
  0.0030   0.0010   0.0002   0.0001   0.0001   0.0005   0.0035   0.0001   0.0000   0.0001   0.0031   0.0047   1.1357   0.0000   0.1268   0.1243   0.0943   0.0050   0.0049   0.0172   0.0001 
  0.0012   0.0002   0.0001   0.0000   0.0000   0.0001   0.0022   0.0000   0.0000   0.0001   0.0005   0.0005   1.1633   0.1268   0.0000   0.1262   0.0958   0.0049   0.0172   0.0049   0.0000 
  0.0087   0.0006   0.0003   0.0001   0.0002   0.0004   0.0192   0.0001   0.0000   0.0004   0.0005   0.0005   1.1372   0.1243   0.1262   0.0000   0.0936   0.0171   0.0046   0.0048   0.0001 
  0.0007   0.0001   0.0000   0.0000   0.0000   0.0001   0.0007   0.0000   0.0000   0.0001   0.0003   0.0003   0.6724   0.0943   0.0958   0.0936   0.0000   0.8637   0.8631   0.8637   0.0000 
  0.0001   0.0000   0.0000   0.0000   0.0000   0.0000   0.0001   0.0000   0.0000   0.0000   0.0000   0.0001   0.0291   0.0050   0.0049   0.0171   0.8637   0.0000   0.0477   0.0477   0.0000 
  0.0002   0.0002   0.0000   0.0000   0.0000   0.0001   0.0003   0.0000   0.0000   0.0000   0.0003   0.0003   0.0293   0.0049   0.0172   0.0046   0.8631   0.0477   0.0000   0.0476   0.0000 
  0.0001   0.0000   0.0000   0.0000   0.0000   0.0000   0.0001   0.0000   0.0000   0.0000   0.0000   0.0000   0.0291   0.0172   0.0049   0.0048   0.8637   0.0477   0.0476   0.0000   0.0000 
  0.0267   0.0144   0.0261   0.0429   1.0892   0.0440   0.0011   0.0012   0.0048   0.0048   0.0072   0.0173   0.0000   0.0001   0.0000   0.0001   0.0000   0.0000   0.0000   0.0000   0.0000 

Freq:
    6.4618    12.8917    24.0777    34.1677    42.0894    64.7595    75.8432    79.7109   144.6494   182.1951   182.7172   227.5408   263.6635   273.1679   275.6593   317.3250   319.6248   405.5488   457.5860   466.6857   468.5733   537.3543   537.7444   539.8254   548.2230   551.0597   567.6425   639.7280   710.9281   727.6934   786.0763   825.9142   862.8003   931.7370   987.3346  1012.6967  1030.8547  1074.8914  1111.3765  1113.4819  1129.7834  1133.9230  1145.6861  1149.8636  1155.6906  1209.1501  1319.0306  1356.0737  1436.2906  1479.4356  1585.4262  1591.5878  2354.0615  3179.7170  3226.9568  3229.7377  3240.4450 
