Sum of electronic and zero-point Energies=          -1401.799592
Sum of electronic and thermal Energies=             -1401.782852
Sum of electronic and thermal Enthalpies=           -1401.781908
Sum of electronic and thermal Free Energies=        -1401.850448

Wiberg:
  0.0000   0.0142   0.0109   0.0139   0.0451   0.9100   0.0457   0.0009   0.0009   0.0034   0.0034   0.0036   0.0096   0.0000   0.0000   0.0000   0.0001   0.0000   0.0000   0.0000   0.0000 
  0.0142   0.0000   1.2896   0.0360   0.0875   0.0279   1.4769   0.8718   0.0077   0.0006   0.0053   0.0170   0.0618   0.0007   0.0005   0.0003   0.0074   0.0014   0.0002   0.0001   0.0001 
  0.0109   1.2896   0.0000   1.2889   0.0163   0.0670   0.0152   0.0047   0.0039   0.0087   0.0089   1.0675   0.1282   0.0002   0.0001   0.0002   0.0013   0.0001   0.0000   0.0000   0.0000 
  0.0139   0.0360   1.2889   0.0000   1.4851   0.0264   0.0892   0.0074   0.8911   0.0053   0.0005   0.0166   0.0603   0.0000   0.0000   0.0000   0.0002   0.0000   0.0000   0.0000   0.0000 
  0.0451   0.0875   0.0163   1.4851   0.0000   1.3581   0.0140   0.0004   0.0056   0.8885   0.0087   0.0139   0.0104   0.0000   0.0000   0.0000   0.0001   0.0000   0.0000   0.0000   0.0000 
  0.9100   0.0279   0.0670   0.0264   1.3581   0.0000   1.3648   0.0081   0.0084   0.0044   0.0043   0.0105   0.0397   0.0000   0.0000   0.0000   0.0003   0.0001   0.0000   0.0000   0.0000 
  0.0457   1.4769   0.0152   0.0892   0.0140   1.3648   0.0000   0.0064   0.0004   0.0086   0.8886   0.0134   0.0095   0.0001   0.0001   0.0000   0.0008   0.0001   0.0000   0.0000   0.0000 
  0.0009   0.8718   0.0047   0.0074   0.0004   0.0081   0.0064   0.0000   0.0008   0.0002   0.0025   0.0015   0.0003   0.0013   0.0013   0.0010   0.0147   0.0027   0.0003   0.0003   0.0002 
  0.0009   0.0077   0.0039   0.8911   0.0056   0.0084   0.0004   0.0008   0.0000   0.0028   0.0002   0.0018   0.0005   0.0000   0.0000   0.0000   0.0001   0.0000   0.0000   0.0000   0.0000 
  0.0034   0.0006   0.0087   0.0053   0.8885   0.0044   0.0086   0.0002   0.0028   0.0000   0.0008   0.0005   0.0011   0.0000   0.0000   0.0000   0.0000   0.0000   0.0000   0.0000   0.0000 
  0.0034   0.0053   0.0089   0.0005   0.0087   0.0043   0.8886   0.0025   0.0002   0.0008   0.0000   0.0005   0.0012   0.0000   0.0001   0.0000   0.0002   0.0001   0.0000   0.0000   0.0000 
  0.0036   0.0170   1.0675   0.0166   0.0139   0.0105   0.0134   0.0015   0.0018   0.0005   0.0005   0.0000   2.6909   0.0005   0.0002   0.0004   0.0035   0.0002   0.0000   0.0001   0.0000 
  0.0096   0.0618   0.1282   0.0603   0.0104   0.0397   0.0095   0.0003   0.0005   0.0011   0.0012   2.6909   0.0000   0.0005   0.0003   0.0004   0.0045   0.0004   0.0001   0.0003   0.0001 
  0.0000   0.0007   0.0002   0.0000   0.0000   0.0000   0.0001   0.0013   0.0000   0.0000   0.0000   0.0005   0.0005   0.0000   1.1578   1.1587   1.1198   0.6720   0.0291   0.0290   0.0290 
  0.0000   0.0005   0.0001   0.0000   0.0000   0.0000   0.0001   0.0013   0.0000   0.0000   0.0001   0.0002   0.0003   1.1578   0.0000   0.1293   0.1259   0.0955   0.0048   0.0048   0.0173 
  0.0000   0.0003   0.0002   0.0000   0.0000   0.0000   0.0000   0.0010   0.0000   0.0000   0.0000   0.0004   0.0004   1.1587   0.1293   0.0000   0.1255   0.0958   0.0049   0.0174   0.0049 
  0.0001   0.0074   0.0013   0.0002   0.0001   0.0003   0.0008   0.0147   0.0001   0.0000   0.0002   0.0035   0.0045   1.1198   0.1259   0.1255   0.0000   0.0900   0.0166   0.0047   0.0049 
  0.0000   0.0014   0.0001   0.0000   0.0000   0.0001   0.0001   0.0027   0.0000   0.0000   0.0001   0.0002   0.0004   0.6720   0.0955   0.0958   0.0900   0.0000   0.8634   0.8631   0.8633 
  0.0000   0.0002   0.0000   0.0000   0.0000   0.0000   0.0000   0.0003   0.0000   0.0000   0.0000   0.0000   0.0001   0.0291   0.0048   0.0049   0.0166   0.8634   0.0000   0.0476   0.0476 
  0.0000   0.0001   0.0000   0.0000   0.0000   0.0000   0.0000   0.0003   0.0000   0.0000   0.0000   0.0001   0.0003   0.0290   0.0048   0.0174   0.0047   0.8631   0.0476   0.0000   0.0477 
  0.0000   0.0001   0.0000   0.0000   0.0000   0.0000   0.0000   0.0002   0.0000   0.0000   0.0000   0.0000   0.0001   0.0290   0.0173   0.0049   0.0049   0.8633   0.0476   0.0477   0.0000 

Freq:
   10.4685    14.9032    19.2689    39.2373    49.6438    51.8140    65.1662   109.3922   158.5834   181.4935   188.8956   268.0926   276.9436   317.3925   320.4318   404.2142   409.4573   412.7464   464.7191   467.3631   491.1618   537.2532   537.8045   538.5032   551.1826   567.9326   647.2199   699.7050   718.6463   727.5599   821.5975   846.1887   871.2445   931.5068   980.8086  1007.9808  1018.5990  1109.8376  1113.0288  1124.4792  1134.6274  1139.8471  1148.6514  1154.8601  1180.5291  1257.1046  1312.0169  1375.7259  1457.4667  1494.6780  1608.8788  1613.7312  2355.7821  3211.3857  3227.6253  3230.7680  3239.5579 
