Sum of electronic and zero-point Energies=          -1401.760784
Sum of electronic and thermal Energies=             -1401.744472
Sum of electronic and thermal Enthalpies=           -1401.743528
Sum of electronic and thermal Free Energies=        -1401.808735

Wiberg:
  0.0000   0.0137   0.0121   0.0119   0.0460   0.9100   0.0482   0.0008   0.0010   0.0035   0.0035   0.0024   0.0077   0.0000   0.0003   0.0001   0.0003   0.0000   0.0000   0.0000   0.0000 
  0.0137   0.0000   1.3131   0.0291   0.0898   0.0271   1.4539   0.8401   0.0084   0.0006   0.0055   0.0148   0.0567   0.0018   0.0061   0.0021   0.0166   0.0027   0.0004   0.0002   0.0002 
  0.0121   1.3131   0.0000   1.3110   0.0188   0.0726   0.0138   0.0058   0.0037   0.0088   0.0090   1.0432   0.1020   0.0004   0.0019   0.0004   0.0021   0.0004   0.0000   0.0001   0.0000 
  0.0119   0.0291   1.3110   0.0000   1.4812   0.0199   0.0969   0.0072   0.9028   0.0050   0.0005   0.0140   0.0525   0.0001   0.0034   0.0008   0.0006   0.0000   0.0000   0.0000   0.0000 
  0.0460   0.0898   0.0188   1.4812   0.0000   1.3563   0.0138   0.0004   0.0054   0.8972   0.0090   0.0127   0.0090   0.0001   0.0003   0.0001   0.0002   0.0000   0.0000   0.0000   0.0000 
  0.9100   0.0271   0.0726   0.0199   1.3563   0.0000   1.3823   0.0076   0.0086   0.0042   0.0042   0.0063   0.0324   0.0001   0.0019   0.0008   0.0010   0.0001   0.0000   0.0000   0.0000 
  0.0482   1.4539   0.0138   0.0969   0.0138   1.3823   0.0000   0.0070   0.0004   0.0088   0.8928   0.0116   0.0058   0.0002   0.0005   0.0002   0.0015   0.0001   0.0000   0.0000   0.0000 
  0.0008   0.8401   0.0058   0.0072   0.0004   0.0076   0.0070   0.0000   0.0008   0.0002   0.0022   0.0016   0.0003   0.0015   0.0011   0.0011   0.0342   0.0035   0.0004   0.0003   0.0003 
  0.0010   0.0084   0.0037   0.9028   0.0054   0.0086   0.0004   0.0008   0.0000   0.0027   0.0002   0.0019   0.0006   0.0000   0.0001   0.0000   0.0002   0.0000   0.0000   0.0000   0.0000 
  0.0035   0.0006   0.0088   0.0050   0.8972   0.0042   0.0088   0.0002   0.0027   0.0000   0.0008   0.0005   0.0008   0.0000   0.0001   0.0000   0.0000   0.0000   0.0000   0.0000   0.0000 
  0.0035   0.0055   0.0090   0.0005   0.0090   0.0042   0.8928   0.0022   0.0002   0.0008   0.0000   0.0004   0.0010   0.0000   0.0002   0.0000   0.0005   0.0001   0.0000   0.0000   0.0000 
  0.0024   0.0148   1.0432   0.0140   0.0127   0.0063   0.0116   0.0016   0.0019   0.0005   0.0004   0.0000   2.6360   0.0031   0.0571   0.0091   0.0054   0.0010   0.0001   0.0004   0.0001 
  0.0077   0.0567   0.1020   0.0525   0.0090   0.0324   0.0058   0.0003   0.0006   0.0008   0.0010   2.6360   0.0000   0.0032   0.0971   0.0139   0.0062   0.0007   0.0001   0.0010   0.0001 
  0.0000   0.0018   0.0004   0.0001   0.0001   0.0001   0.0002   0.0015   0.0000   0.0000   0.0000   0.0031   0.0032   0.0000   1.0865   1.2332   1.1010   0.6752   0.0305   0.0298   0.0304 
  0.0003   0.0061   0.0019   0.0034   0.0003   0.0019   0.0005   0.0011   0.0001   0.0001   0.0002   0.0571   0.0971   1.0865   0.0000   0.1213   0.1144   0.0890   0.0044   0.0043   0.0166 
  0.0001   0.0021   0.0004   0.0008   0.0001   0.0008   0.0002   0.0011   0.0000   0.0000   0.0000   0.0091   0.0139   1.2332   0.1213   0.0000   0.1323   0.1003   0.0049   0.0176   0.0049 
  0.0003   0.0166   0.0021   0.0006   0.0002   0.0010   0.0015   0.0342   0.0002   0.0000   0.0005   0.0054   0.0062   1.1010   0.1144   0.1323   0.0000   0.0845   0.0159   0.0046   0.0043 
  0.0000   0.0027   0.0004   0.0000   0.0000   0.0001   0.0001   0.0035   0.0000   0.0000   0.0001   0.0010   0.0007   0.6752   0.0890   0.1003   0.0845   0.0000   0.8736   0.8561   0.8723 
  0.0000   0.0004   0.0000   0.0000   0.0000   0.0000   0.0000   0.0004   0.0000   0.0000   0.0000   0.0001   0.0001   0.0305   0.0044   0.0049   0.0159   0.8736   0.0000   0.0478   0.0487 
  0.0000   0.0002   0.0001   0.0000   0.0000   0.0000   0.0000   0.0003   0.0000   0.0000   0.0000   0.0004   0.0010   0.0298   0.0043   0.0176   0.0046   0.8561   0.0478   0.0000   0.0477 
  0.0000   0.0002   0.0000   0.0000   0.0000   0.0000   0.0000   0.0003   0.0000   0.0000   0.0000   0.0001   0.0001   0.0304   0.0166   0.0049   0.0043   0.8723   0.0487   0.0477   0.0000 

Freq:
   13.2643    24.4055    35.7193    47.0528    63.4453    86.3609   110.2011   141.7897   182.9794   190.0609   205.5472   270.8097   281.5396   316.7249   330.5242   398.0111   408.9406   417.9162   469.5130   476.4727   482.7769   504.9843   539.4357   542.0021   542.2175   587.0569   645.5971   697.4127   720.2778   732.2097   822.6862   846.5165   882.2921   930.5802   966.7950  1018.5115  1039.6605  1080.0356  1123.3093  1138.2027  1140.0456  1160.0537  1170.2443  1176.7398  1210.7618  1267.8888  1310.9547  1367.0185  1452.1093  1502.0799  1611.4238  1626.0138  2306.2455  3116.6459  3212.7204  3219.5746  3226.4467 
