Sum of electronic and zero-point Energies=          -1491.092173
Sum of electronic and thermal Energies=             -1491.073835
Sum of electronic and thermal Enthalpies=           -1491.072891
Sum of electronic and thermal Free Energies=        -1491.143158

Wiberg:
  0.0000   1.3336   0.0322   0.0993   0.0201   1.4315   0.8448   0.0083   0.0004   0.0042   0.0150   0.0579   0.0018   0.0078   0.0025   0.0157   0.0027   0.0004   0.0002   0.0002   0.0076   0.0014   0.0020   0.0001 
  1.3336   0.0000   1.3180   0.0162   0.0785   0.0158   0.0055   0.0035   0.0087   0.0088   1.0292   0.0891   0.0006   0.0036   0.0009   0.0032   0.0011   0.0001   0.0001   0.0001   0.0036   0.0105   0.0027   0.0001 
  0.0322   1.3180   0.0000   1.4724   0.0153   0.1028   0.0073   0.9025   0.0039   0.0004   0.0136   0.0505   0.0002   0.0045   0.0012   0.0007   0.0000   0.0000   0.0000   0.0000   0.0086   0.0022   0.0007   0.0004 
  0.0993   0.0162   1.4724   0.0000   1.3608   0.0126   0.0004   0.0052   0.8905   0.0099   0.0115   0.0044   0.0001   0.0003   0.0002   0.0002   0.0000   0.0000   0.0000   0.0000   0.0137   0.0180   0.0143   0.0005 
  0.0201   0.0785   0.0153   1.3608   0.0000   1.3923   0.0078   0.0092   0.0037   0.0035   0.0053   0.0312   0.0001   0.0035   0.0013   0.0010   0.0001   0.0000   0.0000   0.0000   0.9949   0.0537   0.0167   0.0173 
  1.4315   0.0158   0.1028   0.0126   1.3923   0.0000   0.0065   0.0005   0.0096   0.8919   0.0110   0.0035   0.0002   0.0006   0.0002   0.0013   0.0001   0.0000   0.0000   0.0000   0.0124   0.0313   0.0059   0.0004 
  0.8448   0.0055   0.0073   0.0004   0.0078   0.0065   0.0000   0.0007   0.0003   0.0022   0.0016   0.0003   0.0014   0.0008   0.0010   0.0308   0.0032   0.0004   0.0003   0.0003   0.0002   0.0004   0.0001   0.0000 
  0.0083   0.0035   0.9025   0.0052   0.0092   0.0005   0.0007   0.0000   0.0026   0.0003   0.0017   0.0005   0.0000   0.0001   0.0000   0.0001   0.0000   0.0000   0.0000   0.0000   0.0003   0.0001   0.0003   0.0001 
  0.0004   0.0087   0.0039   0.8905   0.0037   0.0096   0.0003   0.0026   0.0000   0.0006   0.0005   0.0009   0.0000   0.0001   0.0000   0.0000   0.0000   0.0000   0.0000   0.0000   0.0024   0.0035   0.0014   0.0001 
  0.0042   0.0088   0.0004   0.0099   0.0035   0.8919   0.0022   0.0003   0.0006   0.0000   0.0005   0.0012   0.0000   0.0002   0.0001   0.0004   0.0001   0.0000   0.0000   0.0000   0.0022   0.0012   0.0020   0.0001 
  0.0150   1.0292   0.0136   0.0115   0.0053   0.0110   0.0016   0.0017   0.0005   0.0005   0.0000   2.6473   0.0033   0.0615   0.0096   0.0050   0.0009   0.0001   0.0004   0.0001   0.0005   0.0007   0.0002   0.0000 
  0.0579   0.0891   0.0505   0.0044   0.0312   0.0035   0.0003   0.0005   0.0009   0.0012   2.6473   0.0000   0.0035   0.1068   0.0151   0.0067   0.0007   0.0002   0.0010   0.0001   0.0006   0.0047   0.0010   0.0000 
  0.0018   0.0006   0.0002   0.0001   0.0001   0.0002   0.0014   0.0000   0.0000   0.0000   0.0033   0.0035   0.0000   1.0770   1.2338   1.1073   0.6756   0.0307   0.0299   0.0305   0.0000   0.0000   0.0000   0.0000 
  0.0078   0.0036   0.0045   0.0003   0.0035   0.0006   0.0008   0.0001   0.0001   0.0002   0.0615   0.1068   1.0770   0.0000   0.1196   0.1136   0.0879   0.0042   0.0042   0.0166   0.0003   0.0006   0.0002   0.0000 
  0.0025   0.0009   0.0012   0.0002   0.0013   0.0002   0.0010   0.0000   0.0000   0.0001   0.0096   0.0151   1.2338   0.1196   0.0000   0.1330   0.1002   0.0049   0.0176   0.0049   0.0001   0.0002   0.0001   0.0000 
  0.0157   0.0032   0.0007   0.0002   0.0010   0.0013   0.0308   0.0001   0.0000   0.0004   0.0050   0.0067   1.1073   0.1136   0.1330   0.0000   0.0849   0.0160   0.0045   0.0042   0.0002   0.0001   0.0000   0.0000 
  0.0027   0.0011   0.0000   0.0000   0.0001   0.0001   0.0032   0.0000   0.0000   0.0001   0.0009   0.0007   0.6756   0.0879   0.1002   0.0849   0.0000   0.8740   0.8573   0.8727   0.0000   0.0000   0.0000   0.0000 
  0.0004   0.0001   0.0000   0.0000   0.0000   0.0000   0.0004   0.0000   0.0000   0.0000   0.0001   0.0002   0.0307   0.0042   0.0049   0.0160   0.8740   0.0000   0.0479   0.0488   0.0000   0.0000   0.0000   0.0000 
  0.0002   0.0001   0.0000   0.0000   0.0000   0.0000   0.0003   0.0000   0.0000   0.0000   0.0004   0.0010   0.0299   0.0042   0.0176   0.0045   0.8573   0.0479   0.0000   0.0478   0.0000   0.0000   0.0000   0.0000 
  0.0002   0.0001   0.0000   0.0000   0.0000   0.0000   0.0003   0.0000   0.0000   0.0000   0.0001   0.0001   0.0305   0.0166   0.0049   0.0042   0.8727   0.0488   0.0478   0.0000   0.0000   0.0000   0.0000   0.0000 
  0.0076   0.0036   0.0086   0.0137   0.9949   0.0124   0.0002   0.0003   0.0024   0.0022   0.0005   0.0006   0.0000   0.0003   0.0001   0.0002   0.0000   0.0000   0.0000   0.0000   0.0000   1.7300   1.0445   0.0025 
  0.0014   0.0105   0.0022   0.0180   0.0537   0.0313   0.0004   0.0001   0.0035   0.0012   0.0007   0.0047   0.0000   0.0006   0.0002   0.0001   0.0000   0.0000   0.0000   0.0000   1.7300   0.0000   0.1671   0.0076 
  0.0020   0.0027   0.0007   0.0143   0.0167   0.0059   0.0001   0.0003   0.0014   0.0020   0.0002   0.0010   0.0000   0.0002   0.0001   0.0000   0.0000   0.0000   0.0000   0.0000   1.0445   0.1671   0.0000   0.7058 
  0.0001   0.0001   0.0004   0.0005   0.0173   0.0004   0.0000   0.0001   0.0001   0.0001   0.0000   0.0000   0.0000   0.0000   0.0000   0.0000   0.0000   0.0000   0.0000   0.0000   0.0025   0.0076   0.7058   0.0000 

Freq:
   12.7749    24.2416    31.1689    42.8639    57.4168    67.4065    79.1205    88.3790   134.6040   177.0467   185.1443   196.2607   223.1466   236.3556   281.4399   316.7580   324.7912   330.5587   410.9327   418.9337   465.9847   468.6768   482.6681   519.8300   538.6600   541.3322   543.3454   558.1211   586.3295   620.5710   644.4776   695.9024   706.1068   732.7441   788.1157   814.7231   852.3457   913.0606   928.4208  1006.7290  1026.8543  1044.6908  1074.5455  1110.7302  1124.4045  1131.3076  1142.4324  1159.5862  1171.2636  1192.5376  1205.1267  1215.6824  1322.2507  1363.0817  1373.3641  1442.1654  1498.8202  1601.9024  1633.8797  1789.4754  2310.3120  3132.6569  3212.1995  3224.9824  3230.1559  3743.6437 
