Sum of electronic and zero-point Energies=           -981.799950
Sum of electronic and thermal Energies=              -981.782925
Sum of electronic and thermal Enthalpies=            -981.781981
Sum of electronic and thermal Free Energies=         -981.851233

Wiberg:
  0.0000   1.5513   0.0189   0.0736   0.0156   1.2830   0.8940   0.0056   0.0004   0.0087   0.0174   0.0173   0.0397   0.0134   0.0001   0.0008   0.0008   0.0000   0.0000   0.0002   0.0000   0.0000   0.0000   0.0000 
  1.5513   0.0000   1.2453   0.0333   0.0688   0.0238   0.0051   0.8948   0.0075   0.0005   0.0150   0.0533   0.0249   0.0017   0.0001   0.0007   0.0007   0.0000   0.0000   0.0002   0.0000   0.0001   0.0000   0.0000 
  0.0189   1.2453   0.0000   1.2687   0.0176   0.0562   0.0095   0.0036   0.0047   0.0093   1.1022   0.1535   0.0183   0.0003   0.0001   0.0008   0.0008   0.0002   0.0003   0.0017   0.0001   0.0002   0.0001   0.0001 
  0.0736   0.0333   1.2687   0.0000   1.5059   0.0276   0.0006   0.0076   0.8657   0.0052   0.0170   0.0621   0.0204   0.0007   0.0000   0.0003   0.0003   0.0012   0.0007   0.0102   0.0005   0.0016   0.0003   0.0002 
  0.0156   0.0688   0.0176   1.5059   0.0000   1.3084   0.0096   0.0004   0.0066   0.8929   0.0172   0.0168   0.0608   0.0033   0.0008   0.0035   0.0035   0.0002   0.0001   0.0009   0.0001   0.0002   0.0000   0.0001 
  1.2830   0.0238   0.0562   0.0276   1.3084   0.0000   0.0035   0.0092   0.0084   0.0032   0.0101   0.0370   1.0995   0.0132   0.0059   0.0025   0.0025   0.0001   0.0000   0.0004   0.0000   0.0000   0.0000   0.0000 
  0.8940   0.0051   0.0095   0.0006   0.0096   0.0035   0.0000   0.0029   0.0003   0.0007   0.0006   0.0013   0.0033   0.0003   0.0001   0.0000   0.0000   0.0000   0.0000   0.0000   0.0000   0.0000   0.0000   0.0000 
  0.0056   0.8948   0.0036   0.0076   0.0004   0.0092   0.0029   0.0000   0.0008   0.0003   0.0015   0.0004   0.0003   0.0005   0.0000   0.0000   0.0000   0.0000   0.0000   0.0001   0.0000   0.0000   0.0000   0.0000 
  0.0004   0.0075   0.0047   0.8657   0.0066   0.0084   0.0003   0.0008   0.0000   0.0023   0.0014   0.0004   0.0009   0.0001   0.0000   0.0000   0.0000   0.0018   0.0005   0.0175   0.0003   0.0029   0.0005   0.0003 
  0.0087   0.0005   0.0093   0.0052   0.8929   0.0032   0.0007   0.0003   0.0023   0.0000   0.0005   0.0014   0.0032   0.0021   0.0002   0.0003   0.0003   0.0001   0.0000   0.0002   0.0001   0.0005   0.0000   0.0000 
  0.0174   0.0150   1.1022   0.0170   0.0172   0.0101   0.0006   0.0015   0.0014   0.0005   0.0000   2.6390   0.0093   0.0001   0.0000   0.0003   0.0003   0.0005   0.0005   0.0062   0.0005   0.0001   0.0001   0.0001 
  0.0173   0.0533   0.1535   0.0621   0.0168   0.0370   0.0013   0.0004   0.0004   0.0014   2.6390   0.0000   0.0234   0.0001   0.0000   0.0009   0.0009   0.0007   0.0005   0.0096   0.0006   0.0001   0.0001   0.0001 
  0.0397   0.0249   0.0183   0.0204   0.0608   1.0995   0.0033   0.0003   0.0009   0.0032   0.0093   0.0234   0.0000   0.8577   0.0076   0.0126   0.0126   0.0000   0.0000   0.0001   0.0000   0.0000   0.0000   0.0000 
  0.0134   0.0017   0.0003   0.0007   0.0033   0.0132   0.0003   0.0005   0.0001   0.0021   0.0001   0.0001   0.8577   0.0000   0.9315   0.9331   0.9331   0.0000   0.0000   0.0000   0.0000   0.0000   0.0000   0.0000 
  0.0001   0.0001   0.0001   0.0000   0.0008   0.0059   0.0001   0.0000   0.0000   0.0002   0.0000   0.0000   0.0076   0.9315   0.0000   0.0006   0.0006   0.0000   0.0000   0.0000   0.0000   0.0000   0.0000   0.0000 
  0.0008   0.0007   0.0008   0.0003   0.0035   0.0025   0.0000   0.0000   0.0000   0.0003   0.0003   0.0009   0.0126   0.9331   0.0006   0.0000   0.0004   0.0000   0.0000   0.0000   0.0000   0.0000   0.0000   0.0000 
  0.0008   0.0007   0.0008   0.0003   0.0035   0.0025   0.0000   0.0000   0.0000   0.0003   0.0003   0.0009   0.0126   0.9331   0.0006   0.0004   0.0000   0.0000   0.0000   0.0000   0.0000   0.0000   0.0000   0.0000 
  0.0000   0.0000   0.0002   0.0012   0.0002   0.0001   0.0000   0.0000   0.0018   0.0001   0.0005   0.0007   0.0000   0.0000   0.0000   0.0000   0.0000   0.0000   1.4989   0.2339   0.0718   0.0120   0.0049   0.0106 
  0.0000   0.0000   0.0003   0.0007   0.0001   0.0000   0.0000   0.0000   0.0005   0.0000   0.0005   0.0005   0.0000   0.0000   0.0000   0.0000   0.0000   1.4989   0.0000   1.4419   0.8723   0.0216   0.0223   0.0219 
  0.0002   0.0002   0.0017   0.0102   0.0009   0.0004   0.0000   0.0001   0.0175   0.0002   0.0062   0.0096   0.0001   0.0000   0.0000   0.0000   0.0000   0.2339   1.4419   0.0000   0.0723   0.0057   0.0134   0.0086 
  0.0000   0.0000   0.0001   0.0005   0.0001   0.0000   0.0000   0.0000   0.0003   0.0001   0.0005   0.0006   0.0000   0.0000   0.0000   0.0000   0.0000   0.0718   0.8723   0.0723   0.0000   0.8499   0.8557   0.8458 
  0.0000   0.0001   0.0002   0.0016   0.0002   0.0000   0.0000   0.0000   0.0029   0.0005   0.0001   0.0001   0.0000   0.0000   0.0000   0.0000   0.0000   0.0120   0.0216   0.0057   0.8499   0.0000   0.0452   0.0463 
  0.0000   0.0000   0.0001   0.0003   0.0000   0.0000   0.0000   0.0000   0.0005   0.0000   0.0001   0.0001   0.0000   0.0000   0.0000   0.0000   0.0000   0.0049   0.0223   0.0134   0.8557   0.0452   0.0000   0.0461 
  0.0000   0.0000   0.0001   0.0002   0.0001   0.0000   0.0000   0.0000   0.0003   0.0000   0.0001   0.0001   0.0000   0.0000   0.0000   0.0000   0.0000   0.0106   0.0219   0.0086   0.8458   0.0463   0.0461   0.0000 

Freq:
   10.7697    11.4760    24.6340    25.8697    48.1375    57.8018    81.2909    85.9768   146.1522   152.2487   218.4850   249.9980   255.5945   258.6439   276.9526   379.9833   382.3835   417.6528   419.3410   499.2425   499.7627   502.8414   545.3081   554.3039   572.7607   645.3553   696.3739   702.4283   734.0103   786.3302   798.2616   819.5739   827.7799   864.4349   991.4555  1007.0654  1013.7238  1043.7481  1052.8575  1100.4459  1136.4839  1146.1620  1153.3028  1174.3635  1194.3765  1214.8444  1308.0360  1322.9878  1375.4288  1396.6312  1444.0714  1468.1606  1468.8621  1487.6172  1509.0837  1575.3642  1618.1991  1682.3089  2316.9997  3049.6142  3136.0804  3185.0698  3188.0572  3217.0911  3231.4749  3240.5652 
