Sum of electronic and zero-point Energies=          -3029.733448
Sum of electronic and thermal Energies=             -3029.722131
Sum of electronic and thermal Enthalpies=           -3029.721187
Sum of electronic and thermal Free Energies=        -3029.774342

Wiberg:
  0.0000   1.5500   0.0184   0.0739   0.0158   1.2845   0.8941   0.0056   0.0004   0.0086   0.0172   0.0169   0.0002   0.0400   0.0134   0.0001   0.0008   0.0008 
  1.5500   0.0000   1.2483   0.0331   0.0683   0.0241   0.0051   0.8944   0.0076   0.0005   0.0148   0.0519   0.0006   0.0251   0.0017   0.0001   0.0007   0.0007 
  0.0184   1.2483   0.0000   1.2679   0.0181   0.0564   0.0095   0.0037   0.0041   0.0092   1.1009   0.1516   0.0013   0.0184   0.0002   0.0001   0.0008   0.0008 
  0.0739   0.0331   1.2679   0.0000   1.5087   0.0270   0.0006   0.0076   0.8720   0.0052   0.0169   0.0621   0.0131   0.0203   0.0007   0.0000   0.0003   0.0003 
  0.0158   0.0683   0.0181   1.5087   0.0000   1.3062   0.0096   0.0004   0.0060   0.8926   0.0173   0.0174   0.0009   0.0605   0.0033   0.0008   0.0035   0.0035 
  1.2845   0.0241   0.0564   0.0270   1.3062   0.0000   0.0035   0.0092   0.0086   0.0032   0.0100   0.0369   0.0007   1.1002   0.0132   0.0059   0.0025   0.0025 
  0.8941   0.0051   0.0095   0.0006   0.0096   0.0035   0.0000   0.0029   0.0003   0.0007   0.0005   0.0012   0.0000   0.0033   0.0003   0.0001   0.0000   0.0000 
  0.0056   0.8944   0.0037   0.0076   0.0004   0.0092   0.0029   0.0000   0.0008   0.0003   0.0018   0.0006   0.0001   0.0003   0.0005   0.0000   0.0000   0.0000 
  0.0004   0.0076   0.0041   0.8720   0.0060   0.0086   0.0003   0.0008   0.0000   0.0024   0.0015   0.0004   0.0191   0.0009   0.0001   0.0000   0.0000   0.0000 
  0.0086   0.0005   0.0092   0.0052   0.8926   0.0032   0.0007   0.0003   0.0024   0.0000   0.0005   0.0014   0.0005   0.0032   0.0021   0.0002   0.0003   0.0003 
  0.0172   0.0148   1.1009   0.0169   0.0173   0.0100   0.0005   0.0018   0.0015   0.0005   0.0000   2.6289   0.0149   0.0093   0.0001   0.0000   0.0003   0.0003 
  0.0169   0.0519   0.1516   0.0621   0.0174   0.0369   0.0012   0.0006   0.0004   0.0014   2.6289   0.0000   0.0250   0.0235   0.0001   0.0000   0.0009   0.0009 
  0.0002   0.0006   0.0013   0.0131   0.0009   0.0007   0.0000   0.0001   0.0191   0.0005   0.0149   0.0250   0.0000   0.0002   0.0000   0.0000   0.0000   0.0000 
  0.0400   0.0251   0.0184   0.0203   0.0605   1.1002   0.0033   0.0003   0.0009   0.0032   0.0093   0.0235   0.0002   0.0000   0.8576   0.0076   0.0126   0.0126 
  0.0134   0.0017   0.0002   0.0007   0.0033   0.0132   0.0003   0.0005   0.0001   0.0021   0.0001   0.0001   0.0000   0.8576   0.0000   0.9314   0.9331   0.9331 
  0.0001   0.0001   0.0001   0.0000   0.0008   0.0059   0.0001   0.0000   0.0000   0.0002   0.0000   0.0000   0.0000   0.0076   0.9314   0.0000   0.0006   0.0006 
  0.0008   0.0007   0.0008   0.0003   0.0035   0.0025   0.0000   0.0000   0.0000   0.0003   0.0003   0.0009   0.0000   0.0126   0.9331   0.0006   0.0000   0.0004 
  0.0008   0.0007   0.0008   0.0003   0.0035   0.0025   0.0000   0.0000   0.0000   0.0003   0.0003   0.0009   0.0000   0.0126   0.9331   0.0006   0.0004   0.0000 

Freq:
   27.4849    41.9636    60.3067    70.5486   130.2338   144.6033   206.1084   253.1093   272.5529   382.5144   417.5288   496.8333   498.6823   537.2126   542.0679   643.0437   704.0981   730.1179   815.1765   828.1159   859.3759   991.8907  1006.5498  1011.0479  1013.9442  1141.0346  1149.7630  1152.1134  1192.2702  1216.1869  1309.9329  1325.0543  1375.0664  1444.2342  1465.3712  1466.3739  1487.6729  1512.1901  1576.8195  1618.6186  2300.8367  3047.3629  3133.6381  3174.3278  3185.2863  3217.6820  3229.7238  3240.9171 
