Sum of electronic and zero-point Energies=           -555.373290
Sum of electronic and thermal Energies=              -555.363347
Sum of electronic and thermal Enthalpies=            -555.362403
Sum of electronic and thermal Free Energies=         -555.409119

Wiberg:
  0.0000   1.5000   0.0167   0.0952   0.0140   1.3276   0.9057   0.0047   0.0005   0.0092   0.0119   0.0048   0.0001   0.0421   0.0126   0.0001   0.0011   0.0011 
  1.5000   0.0000   1.3212   0.0165   0.0859   0.0173   0.0049   0.9070   0.0085   0.0006   0.0163   0.0469   0.0031   0.0154   0.0015   0.0001   0.0003   0.0003 
  0.0167   1.3212   0.0000   1.3373   0.0152   0.0743   0.0096   0.0036   0.0040   0.0092   1.0671   0.0751   0.0127   0.0206   0.0003   0.0001   0.0011   0.0011 
  0.0952   0.0165   1.3373   0.0000   1.4578   0.0187   0.0006   0.0095   0.8819   0.0050   0.0151   0.0474   0.0222   0.0120   0.0007   0.0000   0.0002   0.0002 
  0.0140   0.0859   0.0152   1.4578   0.0000   1.3493   0.0100   0.0005   0.0050   0.9062   0.0122   0.0068   0.0040   0.0613   0.0031   0.0010   0.0041   0.0041 
  1.3276   0.0173   0.0743   0.0187   1.3493   0.0000   0.0035   0.0093   0.0083   0.0032   0.0041   0.0284   0.0027   1.0331   0.0124   0.0066   0.0017   0.0017 
  0.9057   0.0049   0.0096   0.0006   0.0100   0.0035   0.0000   0.0029   0.0003   0.0008   0.0004   0.0003   0.0000   0.0036   0.0003   0.0001   0.0000   0.0000 
  0.0047   0.9070   0.0036   0.0095   0.0005   0.0093   0.0029   0.0000   0.0008   0.0003   0.0035   0.0012   0.0007   0.0004   0.0005   0.0000   0.0000   0.0000 
  0.0005   0.0085   0.0040   0.8819   0.0050   0.0083   0.0003   0.0008   0.0000   0.0026   0.0016   0.0015   0.0090   0.0009   0.0001   0.0000   0.0000   0.0000 
  0.0092   0.0006   0.0092   0.0050   0.9062   0.0032   0.0008   0.0003   0.0026   0.0000   0.0004   0.0006   0.0005   0.0038   0.0021   0.0002   0.0003   0.0003 
  0.0119   0.0163   1.0671   0.0151   0.0122   0.0041   0.0004   0.0035   0.0016   0.0004   0.0000   2.1908   0.1848   0.0034   0.0001   0.0000   0.0001   0.0001 
  0.0048   0.0469   0.0751   0.0474   0.0068   0.0284   0.0003   0.0012   0.0015   0.0006   2.1908   0.0000   0.6181   0.0120   0.0001   0.0000   0.0006   0.0006 
  0.0001   0.0031   0.0127   0.0222   0.0040   0.0027   0.0000   0.0007   0.0090   0.0005   0.1848   0.6181   0.0000   0.0010   0.0000   0.0000   0.0000   0.0000 
  0.0421   0.0154   0.0206   0.0120   0.0613   1.0331   0.0036   0.0004   0.0009   0.0038   0.0034   0.0120   0.0010   0.0000   0.8855   0.0088   0.0181   0.0181 
  0.0126   0.0015   0.0003   0.0007   0.0031   0.0124   0.0003   0.0005   0.0001   0.0021   0.0001   0.0001   0.0000   0.8855   0.0000   0.9345   0.9356   0.9356 
  0.0001   0.0001   0.0001   0.0000   0.0010   0.0066   0.0001   0.0000   0.0000   0.0002   0.0000   0.0000   0.0000   0.0088   0.9345   0.0000   0.0006   0.0006 
  0.0011   0.0003   0.0011   0.0002   0.0041   0.0017   0.0000   0.0000   0.0000   0.0003   0.0001   0.0006   0.0000   0.0181   0.9356   0.0006   0.0000   0.0006 
  0.0011   0.0003   0.0011   0.0002   0.0041   0.0017   0.0000   0.0000   0.0000   0.0003   0.0001   0.0006   0.0000   0.0181   0.9356   0.0006   0.0006   0.0000 

Freq:
   59.2279    84.4943   145.3565   155.9046   234.9707   235.7102   290.2615   299.9406   380.4653   432.0875   504.8690   513.2436   520.6255   585.8216   634.1998   687.5780   739.3076   743.4919   823.8307   837.7158   858.2700   984.4013  1008.0871  1014.6070  1049.2570  1126.8868  1156.9798  1162.0507  1193.9541  1207.6353  1290.4049  1314.7517  1357.9716  1450.0703  1455.5587  1474.6896  1479.1231  1520.6697  1600.6841  1633.5401  1863.1517  3022.1365  3095.0719  3160.3654  3200.1693  3213.8489  3221.2197  3256.0443 
