Sum of electronic and zero-point Energies=          -1155.227940
Sum of electronic and thermal Energies=             -1155.212002
Sum of electronic and thermal Enthalpies=           -1155.211058
Sum of electronic and thermal Free Energies=        -1155.275317

Wiberg:
  0.0000   1.5074   0.0178   0.0681   0.0157   1.3073   0.8928   0.0067   0.0004   0.0096   0.0174   0.0173   0.0605   0.0033   0.0035   0.0008   0.0035   0.0001   0.0006   0.0003   0.0001   0.0001   0.0000 
  1.5074   0.0000   1.2691   0.0337   0.0733   0.0275   0.0052   0.8703   0.0075   0.0006   0.0166   0.0612   0.0207   0.0007   0.0003   0.0000   0.0003   0.0008   0.0041   0.0065   0.0012   0.0004   0.0000 
  0.0178   1.2691   0.0000   1.2423   0.0185   0.0558   0.0093   0.0049   0.0037   0.0094   1.1016   0.1545   0.0182   0.0002   0.0008   0.0001   0.0008   0.0001   0.0010   0.0006   0.0002   0.0001   0.0000 
  0.0681   0.0337   1.2423   0.0000   1.5526   0.0242   0.0005   0.0075   0.8947   0.0051   0.0154   0.0540   0.0252   0.0017   0.0007   0.0001   0.0007   0.0000   0.0002   0.0003   0.0001   0.0000   0.0000 
  0.0157   0.0733   0.0185   1.5526   0.0000   1.2822   0.0087   0.0004   0.0057   0.8936   0.0175   0.0175   0.0397   0.0135   0.0008   0.0001   0.0008   0.0000   0.0000   0.0001   0.0000   0.0000   0.0000 
  1.3073   0.0275   0.0558   0.0242   1.2822   0.0000   0.0032   0.0085   0.0092   0.0035   0.0102   0.0372   1.1011   0.0132   0.0025   0.0059   0.0025   0.0000   0.0002   0.0001   0.0000   0.0000   0.0000 
  0.8928   0.0052   0.0093   0.0005   0.0087   0.0032   0.0000   0.0024   0.0003   0.0007   0.0005   0.0013   0.0032   0.0021   0.0003   0.0002   0.0003   0.0000   0.0002   0.0006   0.0002   0.0001   0.0000 
  0.0067   0.8703   0.0049   0.0075   0.0004   0.0085   0.0024   0.0000   0.0008   0.0003   0.0015   0.0004   0.0009   0.0001   0.0000   0.0000   0.0000   0.0016   0.0058   0.0143   0.0027   0.0007   0.0000 
  0.0004   0.0075   0.0037   0.8947   0.0057   0.0092   0.0003   0.0008   0.0000   0.0029   0.0018   0.0006   0.0003   0.0005   0.0000   0.0000   0.0000   0.0000   0.0001   0.0001   0.0000   0.0000   0.0000 
  0.0096   0.0006   0.0094   0.0051   0.8936   0.0035   0.0007   0.0003   0.0029   0.0000   0.0006   0.0014   0.0033   0.0003   0.0000   0.0001   0.0000   0.0000   0.0000   0.0000   0.0000   0.0000   0.0000 
  0.0174   0.0166   1.1016   0.0154   0.0175   0.0102   0.0005   0.0015   0.0018   0.0006   0.0000   2.6423   0.0095   0.0001   0.0003   0.0000   0.0003   0.0004   0.0028   0.0005   0.0003   0.0001   0.0000 
  0.0173   0.0612   0.1545   0.0540   0.0175   0.0372   0.0013   0.0004   0.0006   0.0014   2.6423   0.0000   0.0237   0.0001   0.0009   0.0000   0.0009   0.0007   0.0041   0.0005   0.0002   0.0001   0.0000 
  0.0605   0.0207   0.0182   0.0252   0.0397   1.1011   0.0032   0.0009   0.0003   0.0033   0.0095   0.0237   0.0000   0.8573   0.0126   0.0076   0.0126   0.0000   0.0001   0.0000   0.0000   0.0000   0.0000 
  0.0033   0.0007   0.0002   0.0017   0.0135   0.0132   0.0021   0.0001   0.0005   0.0003   0.0001   0.0001   0.8573   0.0000   0.9331   0.9314   0.9331   0.0000   0.0000   0.0000   0.0000   0.0000   0.0000 
  0.0035   0.0003   0.0008   0.0007   0.0008   0.0025   0.0003   0.0000   0.0000   0.0000   0.0003   0.0009   0.0126   0.9331   0.0000   0.0006   0.0004   0.0000   0.0000   0.0000   0.0000   0.0000   0.0000 
  0.0008   0.0000   0.0001   0.0001   0.0001   0.0059   0.0002   0.0000   0.0000   0.0001   0.0000   0.0000   0.0076   0.9314   0.0006   0.0000   0.0006   0.0000   0.0000   0.0000   0.0000   0.0000   0.0000 
  0.0035   0.0003   0.0008   0.0007   0.0008   0.0025   0.0003   0.0000   0.0000   0.0000   0.0003   0.0009   0.0126   0.9331   0.0004   0.0006   0.0000   0.0000   0.0000   0.0000   0.0000   0.0000   0.0000 
  0.0001   0.0008   0.0001   0.0000   0.0000   0.0000   0.0000   0.0016   0.0000   0.0000   0.0004   0.0007   0.0000   0.0000   0.0000   0.0000   0.0000   0.0000   1.1565   1.1616   1.1812   0.6638   0.0025 
  0.0006   0.0041   0.0010   0.0002   0.0000   0.0002   0.0002   0.0058   0.0001   0.0000   0.0028   0.0041   0.0001   0.0000   0.0000   0.0000   0.0000   1.1565   0.0000   0.1223   0.1232   0.0729   0.0121 
  0.0003   0.0065   0.0006   0.0003   0.0001   0.0001   0.0006   0.0143   0.0001   0.0000   0.0005   0.0005   0.0000   0.0000   0.0000   0.0000   0.0000   1.1616   0.1223   0.0000   0.1237   0.0877   0.0007 
  0.0001   0.0012   0.0002   0.0001   0.0000   0.0000   0.0002   0.0027   0.0000   0.0000   0.0003   0.0002   0.0000   0.0000   0.0000   0.0000   0.0000   1.1812   0.1232   0.1237   0.0000   0.0895   0.0008 
  0.0001   0.0004   0.0001   0.0000   0.0000   0.0000   0.0001   0.0007   0.0000   0.0000   0.0001   0.0001   0.0000   0.0000   0.0000   0.0000   0.0000   0.6638   0.0729   0.0877   0.0895   0.0000   0.7200 
  0.0000   0.0000   0.0000   0.0000   0.0000   0.0000   0.0000   0.0000   0.0000   0.0000   0.0000   0.0000   0.0000   0.0000   0.0000   0.0000   0.0000   0.0025   0.0121   0.0007   0.0008   0.7200   0.0000 

Freq:
   22.5368    28.6222    38.5441    45.1562    47.7799    71.0370    85.5246   148.3128   153.4831   168.4274   220.1616   259.5565   277.1554   358.0505   370.8202   383.5567   419.1761   491.6728   499.6617   501.9433   505.2047   510.6745   545.8831   553.0348   646.0988   680.6482   702.7247   733.0770   819.6594   829.7022   864.1710   954.8607   993.3401  1002.5746  1013.3698  1030.9449  1092.6235  1122.5895  1143.2122  1147.3028  1155.2418  1182.0966  1194.8565  1215.5250  1311.8628  1322.6607  1375.9048  1446.8294  1467.6280  1468.6046  1485.6936  1510.5640  1577.2716  1618.0516  2317.6783  3048.5489  3134.9545  3185.6654  3197.9436  3217.3145  3229.9677  3241.3818  3747.4657 
