Sum of electronic and zero-point Energies=           -644.709167
Sum of electronic and thermal Energies=              -644.695329
Sum of electronic and thermal Enthalpies=            -644.694385
Sum of electronic and thermal Free Energies=         -644.753806

Wiberg:
  0.0000   1.5501   0.0190   0.0741   0.0154   1.2841   0.8944   0.0055   0.0004   0.0087   0.0172   0.0170   0.0397   0.0134   0.0001   0.0008   0.0008   0.0001   0.0000   0.0003   0.0000 
  1.5501   0.0000   1.2474   0.0328   0.0698   0.0234   0.0051   0.8951   0.0075   0.0005   0.0149   0.0530   0.0244   0.0017   0.0001   0.0007   0.0007   0.0001   0.0001   0.0004   0.0000 
  0.0190   1.2474   0.0000   1.2712   0.0174   0.0568   0.0095   0.0035   0.0047   0.0093   1.0998   0.1510   0.0184   0.0003   0.0001   0.0008   0.0008   0.0003   0.0003   0.0020   0.0001 
  0.0741   0.0328   1.2712   0.0000   1.5028   0.0275   0.0006   0.0077   0.8616   0.0052   0.0171   0.0623   0.0201   0.0007   0.0000   0.0003   0.0003   0.0019   0.0010   0.0132   0.0004 
  0.0154   0.0698   0.0174   1.5028   0.0000   1.3110   0.0096   0.0004   0.0065   0.8932   0.0168   0.0161   0.0611   0.0033   0.0008   0.0036   0.0036   0.0002   0.0001   0.0014   0.0001 
  1.2841   0.0234   0.0568   0.0275   1.3110   0.0000   0.0035   0.0092   0.0083   0.0032   0.0099   0.0367   1.0966   0.0132   0.0059   0.0024   0.0024   0.0001   0.0000   0.0005   0.0000 
  0.8944   0.0051   0.0095   0.0006   0.0096   0.0035   0.0000   0.0029   0.0003   0.0007   0.0006   0.0013   0.0033   0.0003   0.0001   0.0000   0.0000   0.0000   0.0000   0.0001   0.0000 
  0.0055   0.8951   0.0035   0.0077   0.0004   0.0092   0.0029   0.0000   0.0008   0.0003   0.0015   0.0005   0.0003   0.0005   0.0000   0.0000   0.0000   0.0000   0.0000   0.0001   0.0000 
  0.0004   0.0075   0.0047   0.8616   0.0065   0.0083   0.0003   0.0008   0.0000   0.0023   0.0015   0.0004   0.0009   0.0001   0.0000   0.0000   0.0000   0.0035   0.0006   0.0239   0.0003 
  0.0087   0.0005   0.0093   0.0052   0.8932   0.0032   0.0007   0.0003   0.0023   0.0000   0.0005   0.0014   0.0032   0.0021   0.0002   0.0003   0.0003   0.0002   0.0000   0.0003   0.0000 
  0.0172   0.0149   1.0998   0.0171   0.0168   0.0099   0.0006   0.0015   0.0015   0.0005   0.0000   2.6368   0.0090   0.0001   0.0000   0.0003   0.0003   0.0007   0.0006   0.0111   0.0011 
  0.0170   0.0530   0.1510   0.0623   0.0161   0.0367   0.0013   0.0005   0.0004   0.0014   2.6368   0.0000   0.0229   0.0001   0.0000   0.0009   0.0009   0.0010   0.0007   0.0171   0.0015 
  0.0397   0.0244   0.0184   0.0201   0.0611   1.0966   0.0033   0.0003   0.0009   0.0032   0.0090   0.0229   0.0000   0.8586   0.0076   0.0128   0.0128   0.0000   0.0000   0.0002   0.0000 
  0.0134   0.0017   0.0003   0.0007   0.0033   0.0132   0.0003   0.0005   0.0001   0.0021   0.0001   0.0001   0.8586   0.0000   0.9316   0.9332   0.9332   0.0000   0.0000   0.0000   0.0000 
  0.0001   0.0001   0.0001   0.0000   0.0008   0.0059   0.0001   0.0000   0.0000   0.0002   0.0000   0.0000   0.0076   0.9316   0.0000   0.0006   0.0006   0.0000   0.0000   0.0000   0.0000 
  0.0008   0.0007   0.0008   0.0003   0.0036   0.0024   0.0000   0.0000   0.0000   0.0003   0.0003   0.0009   0.0128   0.9332   0.0006   0.0000   0.0004   0.0000   0.0000   0.0000   0.0000 
  0.0008   0.0007   0.0008   0.0003   0.0036   0.0024   0.0000   0.0000   0.0000   0.0003   0.0003   0.0009   0.0128   0.9332   0.0006   0.0004   0.0000   0.0000   0.0000   0.0000   0.0000 
  0.0001   0.0001   0.0003   0.0019   0.0002   0.0001   0.0000   0.0000   0.0035   0.0002   0.0007   0.0010   0.0000   0.0000   0.0000   0.0000   0.0000   0.0000   1.4808   0.2132   0.0606 
  0.0000   0.0001   0.0003   0.0010   0.0001   0.0000   0.0000   0.0000   0.0006   0.0000   0.0006   0.0007   0.0000   0.0000   0.0000   0.0000   0.0000   1.4808   0.0000   1.4292   0.8900 
  0.0003   0.0004   0.0020   0.0132   0.0014   0.0005   0.0001   0.0001   0.0239   0.0003   0.0111   0.0171   0.0002   0.0000   0.0000   0.0000   0.0000   0.2132   1.4292   0.0000   0.0589 
  0.0000   0.0000   0.0001   0.0004   0.0001   0.0000   0.0000   0.0000   0.0003   0.0000   0.0011   0.0015   0.0000   0.0000   0.0000   0.0000   0.0000   0.0606   0.8900   0.0589   0.0000 

Freq:
   24.4771    25.1610    51.9844    60.1188    64.3126    71.4232    93.4219   143.9026   146.3766   207.5493   254.4940   273.4479   382.4064   421.1440   499.2350   500.0480   542.0623   547.9174   644.9258   701.9091   731.7796   739.8675   820.5035   826.9435   863.8567   991.8816  1009.0354  1014.9023  1041.0662  1055.4836  1137.5368  1144.9317  1152.2356  1192.2940  1213.1920  1305.3689  1323.5458  1343.6621  1375.1131  1378.2394  1443.5430  1465.3985  1466.0577  1487.4297  1508.9150  1574.5469  1588.0930  1618.7580  2315.4708  2798.3776  3046.5513  3132.3215  3159.3771  3184.2328  3216.2663  3228.7261  3239.4443 
