Sum of electronic and zero-point Energies=           -735.885588
Sum of electronic and thermal Energies=              -735.871577
Sum of electronic and thermal Enthalpies=            -735.870633
Sum of electronic and thermal Free Energies=         -735.930525

Wiberg:
  0.0000   1.5532   0.0187   0.0732   0.0155   1.2815   0.8938   0.0057   0.0004   0.0087   0.0176   0.0178   0.0395   0.0135   0.0001   0.0008   0.0008   0.0000   0.0000   0.0000   0.0001 
  1.5532   0.0000   1.2414   0.0336   0.0686   0.0239   0.0051   0.8951   0.0074   0.0005   0.0155   0.0541   0.0250   0.0017   0.0001   0.0007   0.0007   0.0001   0.0000   0.0003   0.0004 
  0.0187   1.2414   0.0000   1.2692   0.0174   0.0556   0.0094   0.0037   0.0052   0.0093   1.1016   0.1553   0.0180   0.0002   0.0001   0.0008   0.0008   0.0003   0.0001   0.0014   0.0007 
  0.0732   0.0336   1.2692   0.0000   1.5052   0.0279   0.0006   0.0076   0.8577   0.0053   0.0169   0.0614   0.0207   0.0007   0.0000   0.0004   0.0004   0.0018   0.0006   0.0062   0.0102 
  0.0155   0.0686   0.0174   1.5052   0.0000   1.3091   0.0096   0.0004   0.0069   0.8933   0.0174   0.0169   0.0608   0.0033   0.0008   0.0035   0.0035   0.0002   0.0001   0.0008   0.0002 
  1.2815   0.0239   0.0556   0.0279   1.3091   0.0000   0.0035   0.0092   0.0083   0.0031   0.0103   0.0372   1.0999   0.0132   0.0059   0.0025   0.0025   0.0001   0.0000   0.0002   0.0002 
  0.8938   0.0051   0.0094   0.0006   0.0096   0.0035   0.0000   0.0029   0.0003   0.0007   0.0006   0.0014   0.0033   0.0003   0.0001   0.0000   0.0000   0.0000   0.0000   0.0000   0.0000 
  0.0057   0.8951   0.0037   0.0076   0.0004   0.0092   0.0029   0.0000   0.0007   0.0003   0.0017   0.0005   0.0003   0.0005   0.0000   0.0000   0.0000   0.0000   0.0000   0.0001   0.0001 
  0.0004   0.0074   0.0052   0.8577   0.0069   0.0083   0.0003   0.0007   0.0000   0.0022   0.0015   0.0005   0.0008   0.0001   0.0000   0.0000   0.0000   0.0051   0.0016   0.0093   0.0228 
  0.0087   0.0005   0.0093   0.0053   0.8933   0.0031   0.0007   0.0003   0.0022   0.0000   0.0005   0.0013   0.0032   0.0021   0.0002   0.0003   0.0003   0.0001   0.0000   0.0003   0.0007 
  0.0176   0.0155   1.1016   0.0169   0.0174   0.0103   0.0006   0.0017   0.0015   0.0005   0.0000   2.6414   0.0095   0.0001   0.0000   0.0003   0.0003   0.0004   0.0004   0.0041   0.0007 
  0.0178   0.0541   0.1553   0.0614   0.0169   0.0372   0.0014   0.0005   0.0005   0.0013   2.6414   0.0000   0.0237   0.0001   0.0000   0.0009   0.0009   0.0003   0.0004   0.0059   0.0008 
  0.0395   0.0250   0.0180   0.0207   0.0608   1.0999   0.0033   0.0003   0.0008   0.0032   0.0095   0.0237   0.0000   0.8578   0.0076   0.0126   0.0126   0.0000   0.0000   0.0001   0.0001 
  0.0135   0.0017   0.0002   0.0007   0.0033   0.0132   0.0003   0.0005   0.0001   0.0021   0.0001   0.0001   0.8578   0.0000   0.9315   0.9331   0.9331   0.0000   0.0000   0.0000   0.0000 
  0.0001   0.0001   0.0001   0.0000   0.0008   0.0059   0.0001   0.0000   0.0000   0.0002   0.0000   0.0000   0.0076   0.9315   0.0000   0.0006   0.0006   0.0000   0.0000   0.0000   0.0000 
  0.0008   0.0007   0.0008   0.0004   0.0035   0.0025   0.0000   0.0000   0.0000   0.0003   0.0003   0.0009   0.0126   0.9331   0.0006   0.0000   0.0004   0.0000   0.0000   0.0000   0.0000 
  0.0008   0.0007   0.0008   0.0004   0.0035   0.0025   0.0000   0.0000   0.0000   0.0003   0.0003   0.0009   0.0126   0.9331   0.0006   0.0004   0.0000   0.0000   0.0000   0.0000   0.0000 
  0.0000   0.0001   0.0003   0.0018   0.0002   0.0001   0.0000   0.0000   0.0051   0.0001   0.0004   0.0003   0.0000   0.0000   0.0000   0.0000   0.0000   0.0000   1.3729   0.2366   0.2380 
  0.0000   0.0000   0.0001   0.0006   0.0001   0.0000   0.0000   0.0000   0.0016   0.0000   0.0004   0.0004   0.0000   0.0000   0.0000   0.0000   0.0000   1.3729   0.0000   1.3404   1.3483 
  0.0000   0.0003   0.0014   0.0062   0.0008   0.0002   0.0000   0.0001   0.0093   0.0003   0.0041   0.0059   0.0001   0.0000   0.0000   0.0000   0.0000   0.2366   1.3404   0.0000   0.2314 
  0.0001   0.0004   0.0007   0.0102   0.0002   0.0002   0.0000   0.0001   0.0228   0.0007   0.0007   0.0008   0.0001   0.0000   0.0000   0.0000   0.0000   0.2380   1.3483   0.2314   0.0000 

Freq:
   22.5325    39.2607    42.0328    52.5107    59.7249    80.7865    85.4482   147.7158   152.5051   211.3269   254.3895   275.3499   382.1371   420.5233   498.8162   501.0858   544.5692   549.2025   645.2474   701.3050   705.5580   708.3311   733.8324   820.3530   829.0486   829.7944   866.7588   990.6364  1001.2330  1014.0345  1053.0604  1080.4693  1137.1911  1147.0900  1153.5445  1193.5337  1212.2435  1309.6505  1319.4644  1356.8735  1375.7559  1378.3913  1444.9083  1466.4713  1467.7122  1484.1432  1508.9133  1576.3014  1616.5841  2315.3451  3048.2930  3134.5429  3162.8753  3184.4768  3217.2478  3234.2490  3238.5187 
