Sum of electronic and zero-point Energies=          -1080.009832
Sum of electronic and thermal Energies=             -1079.994505
Sum of electronic and thermal Enthalpies=           -1079.993560
Sum of electronic and thermal Free Energies=        -1080.057993

Wiberg:
  0.0000   1.4734   0.0158   0.0859   0.0123   1.3728   0.8983   0.0066   0.0004   0.0105   0.0142   0.0099   0.0001   0.0006   0.0003   0.0001   0.0001   0.0000   0.0122   0.0119   0.0118   0.0018 
  1.4734   0.0000   1.2899   0.0405   0.0870   0.0272   0.0039   0.8718   0.0076   0.0005   0.0177   0.0638   0.0008   0.0041   0.0063   0.0012   0.0003   0.0000   0.0097   0.0012   0.0012   0.0005 
  0.0158   1.2899   0.0000   1.2743   0.0167   0.0706   0.0092   0.0050   0.0037   0.0092   1.0729   0.1338   0.0001   0.0011   0.0006   0.0002   0.0001   0.0000   0.0021   0.0030   0.0029   0.0000 
  0.0859   0.0405   1.2743   0.0000   1.5025   0.0250   0.0005   0.0074   0.8954   0.0039   0.0170   0.0599   0.0000   0.0002   0.0003   0.0001   0.0000   0.0000   0.0117   0.0009   0.0009   0.0003 
  0.0123   0.0870   0.0167   1.5025   0.0000   1.3489   0.0107   0.0004   0.0055   0.8981   0.0145   0.0109   0.0000   0.0001   0.0001   0.0000   0.0000   0.0000   0.0116   0.0055   0.0055   0.0083 
  1.3728   0.0272   0.0706   0.0250   1.3489   0.0000   0.0037   0.0086   0.0091   0.0038   0.0121   0.0450   0.0000   0.0002   0.0001   0.0000   0.0000   0.0000   1.0485   0.0049   0.0048   0.0019 
  0.8983   0.0039   0.0092   0.0005   0.0107   0.0037   0.0000   0.0024   0.0003   0.0005   0.0006   0.0014   0.0000   0.0002   0.0005   0.0002   0.0001   0.0000   0.0021   0.0001   0.0001   0.0006 
  0.0066   0.8718   0.0050   0.0074   0.0004   0.0086   0.0024   0.0000   0.0007   0.0003   0.0016   0.0004   0.0015   0.0057   0.0139   0.0027   0.0007   0.0000   0.0003   0.0001   0.0001   0.0001 
  0.0004   0.0076   0.0037   0.8954   0.0055   0.0091   0.0003   0.0007   0.0000   0.0028   0.0019   0.0006   0.0000   0.0001   0.0001   0.0000   0.0000   0.0000   0.0004   0.0000   0.0000   0.0003 
  0.0105   0.0005   0.0092   0.0039   0.8981   0.0038   0.0005   0.0003   0.0028   0.0000   0.0007   0.0014   0.0000   0.0000   0.0000   0.0000   0.0000   0.0000   0.0023   0.0002   0.0002   0.0002 
  0.0142   0.0177   1.0729   0.0170   0.0145   0.0121   0.0006   0.0016   0.0019   0.0007   0.0000   2.6817   0.0004   0.0031   0.0006   0.0002   0.0001   0.0000   0.0015   0.0008   0.0008   0.0000 
  0.0099   0.0638   0.1338   0.0599   0.0109   0.0450   0.0014   0.0004   0.0006   0.0014   2.6817   0.0000   0.0007   0.0046   0.0005   0.0002   0.0001   0.0000   0.0023   0.0026   0.0026   0.0000 
  0.0001   0.0008   0.0001   0.0000   0.0000   0.0000   0.0000   0.0015   0.0000   0.0000   0.0004   0.0007   0.0000   1.1542   1.1629   1.1816   0.6642   0.0025   0.0000   0.0000   0.0000   0.0000 
  0.0006   0.0041   0.0011   0.0002   0.0001   0.0002   0.0002   0.0057   0.0001   0.0000   0.0031   0.0046   1.1542   0.0000   0.1222   0.1230   0.0727   0.0121   0.0000   0.0000   0.0000   0.0000 
  0.0003   0.0063   0.0006   0.0003   0.0001   0.0001   0.0005   0.0139   0.0001   0.0000   0.0006   0.0005   1.1629   0.1222   0.0000   0.1239   0.0878   0.0007   0.0000   0.0000   0.0000   0.0000 
  0.0001   0.0012   0.0002   0.0001   0.0000   0.0000   0.0002   0.0027   0.0000   0.0000   0.0002   0.0002   1.1816   0.1230   0.1239   0.0000   0.0895   0.0008   0.0000   0.0000   0.0000   0.0000 
  0.0001   0.0003   0.0001   0.0000   0.0000   0.0000   0.0001   0.0007   0.0000   0.0000   0.0001   0.0001   0.6642   0.0727   0.0878   0.0895   0.0000   0.7199   0.0000   0.0000   0.0000   0.0000 
  0.0000   0.0000   0.0000   0.0000   0.0000   0.0000   0.0000   0.0000   0.0000   0.0000   0.0000   0.0000   0.0025   0.0121   0.0007   0.0008   0.7199   0.0000   0.0000   0.0000   0.0000   0.0000 
  0.0122   0.0097   0.0021   0.0117   0.0116   1.0485   0.0021   0.0003   0.0004   0.0023   0.0015   0.0023   0.0000   0.0000   0.0000   0.0000   0.0000   0.0000   0.0000   0.9033   0.9035   0.9274 
  0.0119   0.0012   0.0030   0.0009   0.0055   0.0049   0.0001   0.0001   0.0000   0.0002   0.0008   0.0026   0.0000   0.0000   0.0000   0.0000   0.0000   0.0000   0.9033   0.0000   0.0012   0.0009 
  0.0118   0.0012   0.0029   0.0009   0.0055   0.0048   0.0001   0.0001   0.0000   0.0002   0.0008   0.0026   0.0000   0.0000   0.0000   0.0000   0.0000   0.0000   0.9035   0.0012   0.0000   0.0009 
  0.0018   0.0005   0.0000   0.0003   0.0083   0.0019   0.0006   0.0001   0.0003   0.0002   0.0000   0.0000   0.0000   0.0000   0.0000   0.0000   0.0000   0.0000   0.9274   0.0009   0.0009   0.0000 

Freq:
   10.7718    18.6633    37.1058    38.8063    50.2355    57.2971    71.5260   106.4797   161.7814   163.7255   249.3360   350.6939   357.2815   371.1934   403.2652   411.9257   464.5654   491.4396   504.6369   510.1856   539.1532   558.5962   649.4172   680.5851   694.1981   708.9089   821.8865   829.4528   852.5746   955.0167   989.0841  1006.0716  1021.1823  1026.5808  1048.7453  1091.2625  1123.1167  1135.2742  1145.5838  1179.5976  1209.9356  1237.2821  1328.4446  1363.9985  1387.5884  1440.2547  1446.1008  1467.5488  1495.4873  1589.0177  1619.0562  2345.6243  3037.6017  3095.5079  3143.1232  3199.4535  3202.7955  3209.0426  3230.0614  3746.3694 
