Sum of electronic and zero-point Energies=           -683.980307
Sum of electronic and thermal Energies=              -683.966181
Sum of electronic and thermal Enthalpies=            -683.965236
Sum of electronic and thermal Free Energies=         -684.024212

Wiberg:
  0.0000   1.4988   0.0157   0.0962   0.0140   1.3295   0.9056   0.0046   0.0005   0.0092   0.0117   0.0040   0.0422   0.0126   0.0001   0.0011   0.0011   0.0001   0.0000   0.0002   0.0000   0.0000   0.0000   0.0000 
  1.4988   0.0000   1.3217   0.0157   0.0859   0.0174   0.0050   0.9061   0.0087   0.0006   0.0173   0.0472   0.0153   0.0015   0.0001   0.0003   0.0003   0.0005   0.0004   0.0025   0.0001   0.0000   0.0000   0.0000 
  0.0157   1.3217   0.0000   1.3409   0.0157   0.0752   0.0096   0.0035   0.0040   0.0091   1.0670   0.0704   0.0207   0.0003   0.0001   0.0011   0.0011   0.0008   0.0006   0.0120   0.0007   0.0000   0.0002   0.0000 
  0.0962   0.0157   1.3409   0.0000   1.4566   0.0178   0.0006   0.0095   0.8890   0.0049   0.0162   0.0453   0.0116   0.0007   0.0000   0.0002   0.0002   0.0021   0.0013   0.0183   0.0006   0.0001   0.0001   0.0000 
  0.0140   0.0859   0.0157   1.4566   0.0000   1.3493   0.0100   0.0006   0.0050   0.9071   0.0124   0.0067   0.0611   0.0031   0.0010   0.0041   0.0041   0.0004   0.0002   0.0033   0.0000   0.0000   0.0000   0.0000 
  1.3295   0.0174   0.0752   0.0178   1.3493   0.0000   0.0035   0.0093   0.0085   0.0031   0.0040   0.0281   1.0313   0.0124   0.0066   0.0017   0.0017   0.0005   0.0002   0.0021   0.0000   0.0000   0.0000   0.0000 
  0.9056   0.0050   0.0096   0.0006   0.0100   0.0035   0.0000   0.0029   0.0003   0.0009   0.0004   0.0003   0.0036   0.0003   0.0001   0.0000   0.0000   0.0000   0.0000   0.0000   0.0000   0.0000   0.0000   0.0000 
  0.0046   0.9061   0.0035   0.0095   0.0006   0.0093   0.0029   0.0000   0.0008   0.0003   0.0038   0.0011   0.0004   0.0005   0.0000   0.0000   0.0000   0.0001   0.0000   0.0007   0.0001   0.0000   0.0000   0.0000 
  0.0005   0.0087   0.0040   0.8890   0.0050   0.0085   0.0003   0.0008   0.0000   0.0025   0.0014   0.0007   0.0009   0.0001   0.0000   0.0000   0.0000   0.0009   0.0004   0.0085   0.0002   0.0001   0.0000   0.0000 
  0.0092   0.0006   0.0091   0.0049   0.9071   0.0031   0.0009   0.0003   0.0025   0.0000   0.0005   0.0004   0.0038   0.0021   0.0002   0.0003   0.0003   0.0001   0.0000   0.0005   0.0001   0.0000   0.0000   0.0000 
  0.0117   0.0173   1.0670   0.0162   0.0124   0.0040   0.0004   0.0038   0.0014   0.0005   0.0000   2.1361   0.0033   0.0001   0.0000   0.0001   0.0001   0.0092   0.0084   0.1701   0.0069   0.0003   0.0018   0.0002 
  0.0040   0.0472   0.0704   0.0453   0.0067   0.0281   0.0003   0.0011   0.0007   0.0004   2.1361   0.0000   0.0117   0.0001   0.0000   0.0006   0.0006   0.0137   0.0081   0.6610   0.0206   0.0005   0.0023   0.0002 
  0.0422   0.0153   0.0207   0.0116   0.0611   1.0313   0.0036   0.0004   0.0009   0.0038   0.0033   0.0117   0.0000   0.8864   0.0089   0.0183   0.0183   0.0002   0.0001   0.0007   0.0000   0.0000   0.0000   0.0000 
  0.0126   0.0015   0.0003   0.0007   0.0031   0.0124   0.0003   0.0005   0.0001   0.0021   0.0001   0.0001   0.8864   0.0000   0.9344   0.9357   0.9357   0.0000   0.0000   0.0000   0.0000   0.0000   0.0000   0.0000 
  0.0001   0.0001   0.0001   0.0000   0.0010   0.0066   0.0001   0.0000   0.0000   0.0002   0.0000   0.0000   0.0089   0.9344   0.0000   0.0006   0.0006   0.0000   0.0000   0.0000   0.0000   0.0000   0.0000   0.0000 
  0.0011   0.0003   0.0011   0.0002   0.0041   0.0017   0.0000   0.0000   0.0000   0.0003   0.0001   0.0006   0.0183   0.9357   0.0006   0.0000   0.0006   0.0000   0.0000   0.0000   0.0000   0.0000   0.0000   0.0000 
  0.0011   0.0003   0.0011   0.0002   0.0041   0.0017   0.0000   0.0000   0.0000   0.0003   0.0001   0.0006   0.0183   0.9357   0.0006   0.0006   0.0000   0.0000   0.0000   0.0000   0.0000   0.0000   0.0000   0.0000 
  0.0001   0.0005   0.0008   0.0021   0.0004   0.0005   0.0000   0.0001   0.0009   0.0001   0.0092   0.0137   0.0002   0.0000   0.0000   0.0000   0.0000   0.0000   1.7308   0.1609   0.0523   0.0169   0.0028   0.0169 
  0.0000   0.0004   0.0006   0.0013   0.0002   0.0002   0.0000   0.0000   0.0004   0.0000   0.0084   0.0081   0.0001   0.0000   0.0000   0.0000   0.0000   1.7308   0.0000   1.0588   0.9932   0.0052   0.0040   0.0057 
  0.0002   0.0025   0.0120   0.0183   0.0033   0.0021   0.0000   0.0007   0.0085   0.0005   0.1701   0.6610   0.0007   0.0000   0.0000   0.0000   0.0000   0.1609   1.0588   0.0000   0.0186   0.0018   0.0083   0.0037 
  0.0000   0.0001   0.0007   0.0006   0.0000   0.0000   0.0000   0.0001   0.0002   0.0001   0.0069   0.0206   0.0000   0.0000   0.0000   0.0000   0.0000   0.0523   0.9932   0.0186   0.0000   0.9217   0.9239   0.9157 
  0.0000   0.0000   0.0000   0.0001   0.0000   0.0000   0.0000   0.0000   0.0001   0.0000   0.0003   0.0005   0.0000   0.0000   0.0000   0.0000   0.0000   0.0169   0.0052   0.0018   0.9217   0.0000   0.0008   0.0010 
  0.0000   0.0000   0.0002   0.0001   0.0000   0.0000   0.0000   0.0000   0.0000   0.0000   0.0018   0.0023   0.0000   0.0000   0.0000   0.0000   0.0000   0.0028   0.0040   0.0083   0.9239   0.0008   0.0000   0.0009 
  0.0000   0.0000   0.0000   0.0000   0.0000   0.0000   0.0000   0.0000   0.0000   0.0000   0.0002   0.0002   0.0000   0.0000   0.0000   0.0000   0.0000   0.0169   0.0057   0.0037   0.9157   0.0010   0.0009   0.0000 

Freq:
   14.2713    30.6603    64.9057    69.4210    80.3150   115.6777   141.5160   152.0685   195.5423   237.1714   266.5134   306.5069   357.4765   415.9332   431.2686   472.5152   505.6851   518.3354   584.3102   601.1971   624.9713   650.3272   699.1738   723.2566   744.9532   821.4751   836.8446   859.4505   946.4005   987.6338   989.9541   997.5658  1014.7789  1043.4176  1050.4317  1128.7667  1157.1780  1161.6935  1193.5782  1206.1139  1230.5165  1290.1287  1317.1140  1356.3118  1362.7328  1440.2571  1450.2482  1450.4272  1454.7678  1474.5957  1478.8588  1522.1455  1600.7958  1633.2702  1758.6806  1821.4980  3020.6901  3045.2375  3093.1361  3114.0434  3155.4617  3159.8400  3200.1002  3213.9893  3219.6762  3268.2640 
