Sum of electronic and zero-point Energies=           -915.764867
Sum of electronic and thermal Energies=              -915.754483
Sum of electronic and thermal Enthalpies=            -915.753539
Sum of electronic and thermal Free Energies=         -915.802060

Wiberg:
  0.0000   1.5066   0.0176   0.0925   0.0142   1.3210   0.9047   0.0048   0.0005   0.0091   0.0123   0.0063   0.0003   0.0418   0.0128   0.0001   0.0010   0.0010 
  1.5066   0.0000   1.3142   0.0187   0.0851   0.0175   0.0049   0.9063   0.0082   0.0005   0.0154   0.0450   0.0037   0.0161   0.0015   0.0001   0.0004   0.0004 
  0.0176   1.3142   0.0000   1.3316   0.0157   0.0722   0.0095   0.0035   0.0044   0.0091   1.0567   0.0818   0.0154   0.0206   0.0003   0.0001   0.0011   0.0011 
  0.0925   0.0187   1.3316   0.0000   1.4580   0.0196   0.0006   0.0094   0.8674   0.0052   0.0135   0.0463   0.0362   0.0128   0.0007   0.0000   0.0002   0.0002 
  0.0142   0.0851   0.0157   1.4580   0.0000   1.3479   0.0099   0.0005   0.0055   0.9045   0.0125   0.0078   0.0039   0.0620   0.0032   0.0010   0.0041   0.0041 
  1.3210   0.0175   0.0722   0.0196   1.3479   0.0000   0.0035   0.0093   0.0081   0.0031   0.0045   0.0284   0.0039   1.0406   0.0125   0.0064   0.0017   0.0017 
  0.9047   0.0049   0.0095   0.0006   0.0099   0.0035   0.0000   0.0029   0.0003   0.0008   0.0004   0.0004   0.0000   0.0035   0.0003   0.0001   0.0000   0.0000 
  0.0048   0.9063   0.0035   0.0094   0.0005   0.0093   0.0029   0.0000   0.0007   0.0003   0.0034   0.0010   0.0013   0.0004   0.0005   0.0000   0.0000   0.0000 
  0.0005   0.0082   0.0044   0.8674   0.0055   0.0081   0.0003   0.0007   0.0000   0.0023   0.0019   0.0011   0.0255   0.0008   0.0001   0.0000   0.0000   0.0000 
  0.0091   0.0005   0.0091   0.0052   0.9045   0.0031   0.0008   0.0003   0.0023   0.0000   0.0003   0.0005   0.0013   0.0036   0.0021   0.0002   0.0003   0.0003 
  0.0123   0.0154   1.0567   0.0135   0.0125   0.0045   0.0004   0.0034   0.0019   0.0003   0.0000   2.2683   0.2429   0.0039   0.0001   0.0000   0.0001   0.0001 
  0.0063   0.0450   0.0818   0.0463   0.0078   0.0284   0.0004   0.0010   0.0011   0.0005   2.2683   0.0000   0.5735   0.0129   0.0001   0.0000   0.0006   0.0006 
  0.0003   0.0037   0.0154   0.0362   0.0039   0.0039   0.0000   0.0013   0.0255   0.0013   0.2429   0.5735   0.0000   0.0013   0.0000   0.0000   0.0001   0.0001 
  0.0418   0.0161   0.0206   0.0128   0.0620   1.0406   0.0035   0.0004   0.0008   0.0036   0.0039   0.0129   0.0013   0.0000   0.8819   0.0084   0.0171   0.0171 
  0.0128   0.0015   0.0003   0.0007   0.0032   0.0125   0.0003   0.0005   0.0001   0.0021   0.0001   0.0001   0.0000   0.8819   0.0000   0.9344   0.9356   0.9356 
  0.0001   0.0001   0.0001   0.0000   0.0010   0.0064   0.0001   0.0000   0.0000   0.0002   0.0000   0.0000   0.0000   0.0084   0.9344   0.0000   0.0006   0.0006 
  0.0010   0.0004   0.0011   0.0002   0.0041   0.0017   0.0000   0.0000   0.0000   0.0003   0.0001   0.0006   0.0001   0.0171   0.9356   0.0006   0.0000   0.0005 
  0.0010   0.0004   0.0011   0.0002   0.0041   0.0017   0.0000   0.0000   0.0000   0.0003   0.0001   0.0006   0.0001   0.0171   0.9356   0.0006   0.0005   0.0000 

Freq:
   41.0745    83.4270   113.9107   143.6118   178.5172   232.6801   262.2917   294.9163   365.1203   405.6042   429.0114   499.7424   514.9731   561.1128   583.7441   650.0337   707.6297   740.9952   825.7006   835.1075   858.5382   985.2994  1013.5892  1020.5135  1045.9282  1128.2020  1146.1550  1156.4396  1193.7374  1205.4621  1293.9979  1316.8023  1361.9140  1450.1457  1458.4406  1474.9634  1478.9000  1520.4060  1600.5153  1632.1680  1928.4487  3025.0054  3099.4996  3163.3426  3201.4360  3205.7254  3215.5070  3224.5569 
