Sum of electronic and zero-point Energies=           -880.051435
Sum of electronic and thermal Energies=              -880.035911
Sum of electronic and thermal Enthalpies=            -880.034967
Sum of electronic and thermal Free Energies=         -880.099050

Wiberg:
  0.0000   1.5215   0.0192   0.0650   0.0165   1.2947   0.8739   0.0056   0.0004   0.0095   0.0186   0.0199   0.0004   0.0065   0.0004   0.0002   0.0001   0.0592   0.0033   0.0008   0.0032   0.0034 
  1.5215   0.0000   1.2595   0.0353   0.0704   0.0285   0.0060   0.8939   0.0074   0.0006   0.0166   0.0605   0.0001   0.0003   0.0001   0.0000   0.0000   0.0224   0.0006   0.0000   0.0004   0.0004 
  0.0192   1.2595   0.0000   1.2375   0.0184   0.0542   0.0089   0.0037   0.0037   0.0095   1.1114   0.1622   0.0000   0.0001   0.0000   0.0000   0.0000   0.0182   0.0002   0.0001   0.0007   0.0008 
  0.0650   0.0353   1.2375   0.0000   1.5561   0.0249   0.0005   0.0077   0.8940   0.0051   0.0154   0.0543   0.0000   0.0000   0.0000   0.0000   0.0000   0.0267   0.0018   0.0001   0.0007   0.0009 
  0.0165   0.0704   0.0184   1.5561   0.0000   1.2792   0.0083   0.0004   0.0057   0.8933   0.0182   0.0188   0.0000   0.0002   0.0000   0.0000   0.0000   0.0400   0.0135   0.0001   0.0007   0.0008 
  1.2947   0.0285   0.0542   0.0249   1.2792   0.0000   0.0041   0.0089   0.0092   0.0035   0.0108   0.0384   0.0001   0.0004   0.0001   0.0000   0.0000   1.1119   0.0133   0.0058   0.0026   0.0027 
  0.8739   0.0060   0.0089   0.0005   0.0083   0.0041   0.0000   0.0025   0.0003   0.0006   0.0005   0.0013   0.0005   0.0136   0.0012   0.0007   0.0003   0.0029   0.0024   0.0002   0.0004   0.0003 
  0.0056   0.8939   0.0037   0.0077   0.0004   0.0089   0.0025   0.0000   0.0009   0.0003   0.0018   0.0006   0.0000   0.0002   0.0000   0.0000   0.0000   0.0010   0.0001   0.0000   0.0000   0.0000 
  0.0004   0.0074   0.0037   0.8940   0.0057   0.0092   0.0003   0.0009   0.0000   0.0029   0.0018   0.0006   0.0000   0.0000   0.0000   0.0000   0.0000   0.0003   0.0005   0.0000   0.0000   0.0000 
  0.0095   0.0006   0.0095   0.0051   0.8933   0.0035   0.0006   0.0003   0.0029   0.0000   0.0006   0.0014   0.0000   0.0000   0.0000   0.0000   0.0000   0.0033   0.0003   0.0001   0.0000   0.0000 
  0.0186   0.0166   1.1114   0.0154   0.0182   0.0108   0.0005   0.0018   0.0018   0.0006   0.0000   2.6299   0.0000   0.0000   0.0000   0.0000   0.0000   0.0105   0.0001   0.0000   0.0003   0.0004 
  0.0199   0.0605   0.1622   0.0543   0.0188   0.0384   0.0013   0.0006   0.0006   0.0014   2.6299   0.0000   0.0000   0.0001   0.0000   0.0000   0.0000   0.0258   0.0002   0.0000   0.0009   0.0010 
  0.0004   0.0001   0.0000   0.0000   0.0000   0.0001   0.0005   0.0000   0.0000   0.0000   0.0000   0.0000   0.0000   0.6081   0.6154   0.6210   0.6207   0.0002   0.0003   0.0001   0.0002   0.0001 
  0.0065   0.0003   0.0001   0.0000   0.0002   0.0004   0.0136   0.0002   0.0000   0.0000   0.0000   0.0001   0.6081   0.0000   0.0181   0.0180   0.0182   0.0003   0.0006   0.0001   0.0004   0.0003 
  0.0004   0.0001   0.0000   0.0000   0.0000   0.0001   0.0012   0.0000   0.0000   0.0000   0.0000   0.0000   0.6154   0.0181   0.0000   0.0177   0.0176   0.0002   0.0032   0.0001   0.0059   0.0001 
  0.0002   0.0000   0.0000   0.0000   0.0000   0.0000   0.0007   0.0000   0.0000   0.0000   0.0000   0.0000   0.6210   0.0180   0.0177   0.0000   0.0180   0.0000   0.0001   0.0000   0.0002   0.0000 
  0.0001   0.0000   0.0000   0.0000   0.0000   0.0000   0.0003   0.0000   0.0000   0.0000   0.0000   0.0000   0.6207   0.0182   0.0176   0.0180   0.0000   0.0000   0.0002   0.0000   0.0004   0.0001 
  0.0592   0.0224   0.0182   0.0267   0.0400   1.1119   0.0029   0.0010   0.0003   0.0033   0.0105   0.0258   0.0002   0.0003   0.0002   0.0000   0.0000   0.0000   0.8519   0.0074   0.0112   0.0117 
  0.0033   0.0006   0.0002   0.0018   0.0135   0.0133   0.0024   0.0001   0.0005   0.0003   0.0001   0.0002   0.0003   0.0006   0.0032   0.0001   0.0002   0.8519   0.0000   0.9327   0.9252   0.9334 
  0.0008   0.0000   0.0001   0.0001   0.0001   0.0058   0.0002   0.0000   0.0000   0.0001   0.0000   0.0000   0.0001   0.0001   0.0001   0.0000   0.0000   0.0074   0.9327   0.0000   0.0007   0.0006 
  0.0032   0.0004   0.0007   0.0007   0.0007   0.0026   0.0004   0.0000   0.0000   0.0000   0.0003   0.0009   0.0002   0.0004   0.0059   0.0002   0.0004   0.0112   0.9252   0.0007   0.0000   0.0004 
  0.0034   0.0004   0.0008   0.0009   0.0008   0.0027   0.0003   0.0000   0.0000   0.0000   0.0004   0.0010   0.0001   0.0003   0.0001   0.0000   0.0001   0.0117   0.9334   0.0006   0.0004   0.0000 

Freq:
   16.7917    24.0007    30.4965    34.6658    58.3163    66.3122    85.6853   150.4132   151.2776   216.8955   260.7202   274.8861   326.0689   328.7835   383.0306   413.9783   477.4917   479.8605   480.6611   493.2268   503.1373   540.4534   546.6305   644.8601   703.8853   727.3016   729.8708   813.2527   827.9749   864.0272   987.1845   989.8985   998.2379  1003.1035  1005.6167  1008.5063  1010.2800  1144.1637  1150.9696  1152.7454  1197.7006  1224.7323  1317.2027  1326.6758  1376.1852  1448.0949  1467.8692  1474.9529  1493.5126  1513.9243  1573.6808  1618.1958  2302.6323  3054.5100  3146.9659  3187.5511  3215.7834  3217.8316  3225.0418  3230.6978 
