Sum of electronic and zero-point Energies=          -1350.274933
Sum of electronic and thermal Energies=             -1350.253716
Sum of electronic and thermal Enthalpies=           -1350.252771
Sum of electronic and thermal Free Energies=        -1350.332469

Wiberg:
  0.0000   1.5407   0.0167   0.0761   0.0156   1.2916   0.8943   0.0070   0.0004   0.0086   0.0168   0.0155   0.0001   0.0000   0.0000   0.0000   0.0000   0.0001   0.0002   0.0000   0.0000   0.0000   0.0001   0.0004   0.0008   0.0001   0.0000   0.0000   0.0000   0.0000   0.0413   0.0134   0.0008   0.0001   0.0008 
  1.5407   0.0000   1.2454   0.0337   0.0666   0.0260   0.0053   0.8654   0.0079   0.0005   0.0156   0.0545   0.0003   0.0000   0.0000   0.0000   0.0000   0.0004   0.0005   0.0000   0.0000   0.0000   0.0010   0.0076   0.0051   0.0011   0.0000   0.0000   0.0000   0.0000   0.0259   0.0017   0.0008   0.0001   0.0007 
  0.0167   1.2454   0.0000   1.2683   0.0201   0.0561   0.0097   0.0051   0.0036   0.0091   1.1014   0.1537   0.0002   0.0000   0.0000   0.0000   0.0000   0.0002   0.0002   0.0000   0.0000   0.0000   0.0002   0.0008   0.0014   0.0003   0.0000   0.0000   0.0000   0.0000   0.0182   0.0003   0.0008   0.0001   0.0008 
  0.0761   0.0337   1.2683   0.0000   1.5153   0.0255   0.0006   0.0072   0.8946   0.0051   0.0165   0.0607   0.0000   0.0000   0.0000   0.0000   0.0000   0.0000   0.0000   0.0000   0.0000   0.0000   0.0000   0.0004   0.0002   0.0001   0.0000   0.0000   0.0000   0.0000   0.0196   0.0007   0.0003   0.0000   0.0003 
  0.0156   0.0666   0.0201   1.5153   0.0000   1.3000   0.0097   0.0004   0.0054   0.8929   0.0178   0.0187   0.0000   0.0000   0.0000   0.0000   0.0000   0.0000   0.0001   0.0000   0.0000   0.0000   0.0000   0.0001   0.0001   0.0000   0.0000   0.0000   0.0000   0.0000   0.0590   0.0033   0.0034   0.0008   0.0034 
  1.2916   0.0260   0.0561   0.0255   1.3000   0.0000   0.0034   0.0088   0.0088   0.0033   0.0101   0.0371   0.0000   0.0000   0.0000   0.0000   0.0000   0.0000   0.0000   0.0000   0.0000   0.0000   0.0000   0.0002   0.0002   0.0000   0.0000   0.0000   0.0000   0.0000   1.0991   0.0132   0.0025   0.0059   0.0024 
  0.8943   0.0053   0.0097   0.0006   0.0097   0.0034   0.0000   0.0025   0.0003   0.0007   0.0005   0.0013   0.0000   0.0000   0.0000   0.0000   0.0000   0.0001   0.0000   0.0000   0.0000   0.0000   0.0000   0.0005   0.0001   0.0001   0.0000   0.0000   0.0000   0.0000   0.0034   0.0003   0.0000   0.0001   0.0000 
  0.0070   0.8654   0.0051   0.0072   0.0004   0.0088   0.0025   0.0000   0.0008   0.0003   0.0014   0.0004   0.0001   0.0001   0.0000   0.0000   0.0001   0.0010   0.0000   0.0000   0.0000   0.0000   0.0018   0.0163   0.0071   0.0023   0.0000   0.0000   0.0000   0.0000   0.0003   0.0004   0.0000   0.0000   0.0000 
  0.0004   0.0079   0.0036   0.8946   0.0054   0.0088   0.0003   0.0008   0.0000   0.0027   0.0015   0.0004   0.0000   0.0000   0.0000   0.0000   0.0000   0.0000   0.0000   0.0000   0.0000   0.0000   0.0000   0.0001   0.0001   0.0000   0.0000   0.0000   0.0000   0.0000   0.0010   0.0001   0.0000   0.0000   0.0000 
  0.0086   0.0005   0.0091   0.0051   0.8929   0.0033   0.0007   0.0003   0.0027   0.0000   0.0005   0.0013   0.0000   0.0000   0.0000   0.0000   0.0000   0.0000   0.0000   0.0000   0.0000   0.0000   0.0000   0.0000   0.0000   0.0000   0.0000   0.0000   0.0000   0.0000   0.0032   0.0021   0.0003   0.0002   0.0003 
  0.0168   0.0156   1.1014   0.0165   0.0178   0.0101   0.0005   0.0014   0.0015   0.0005   0.0000   2.6424   0.0001   0.0000   0.0000   0.0000   0.0000   0.0001   0.0002   0.0000   0.0000   0.0000   0.0005   0.0008   0.0036   0.0003   0.0000   0.0000   0.0000   0.0000   0.0093   0.0001   0.0003   0.0000   0.0003 
  0.0155   0.0545   0.1537   0.0607   0.0187   0.0371   0.0013   0.0004   0.0004   0.0013   2.6424   0.0000   0.0001   0.0000   0.0000   0.0000   0.0000   0.0001   0.0001   0.0000   0.0000   0.0000   0.0008   0.0007   0.0055   0.0002   0.0000   0.0000   0.0000   0.0000   0.0234   0.0001   0.0009   0.0000   0.0009 
  0.0001   0.0003   0.0002   0.0000   0.0000   0.0000   0.0000   0.0001   0.0000   0.0000   0.0001   0.0001   0.0000   1.4630   0.0128   0.1079   0.0155   1.3848   0.9050   0.0036   0.0006   0.0100   0.0075   0.0079   0.0080   0.0105   0.0101   0.0002   0.0002   0.0003   0.0000   0.0000   0.0000   0.0000   0.0000 
  0.0000   0.0000   0.0000   0.0000   0.0000   0.0000   0.0000   0.0001   0.0000   0.0000   0.0000   0.0000   1.4630   0.0000   1.3786   0.0117   0.1079   0.0145   0.0044   0.9108   0.0111   0.0005   0.0095   0.0018   0.0019   0.0028   0.0110   0.0059   0.0060   0.0081   0.0000   0.0000   0.0000   0.0000   0.0000 
  0.0000   0.0000   0.0000   0.0000   0.0000   0.0000   0.0000   0.0000   0.0000   0.0000   0.0000   0.0000   0.0128   1.3786   0.0000   1.4172   0.0130   0.1024   0.0091   0.0035   0.0037   0.0086   0.0019   0.0046   0.0048   0.0015   1.0340   0.0028   0.0028   0.0019   0.0000   0.0000   0.0000   0.0000   0.0000 
  0.0000   0.0000   0.0000   0.0000   0.0000   0.0000   0.0000   0.0000   0.0000   0.0000   0.0000   0.0000   0.1079   0.0117   1.4172   0.0000   1.4171   0.0145   0.0005   0.0108   0.9106   0.0043   0.0099   0.0022   0.0022   0.0014   0.0113   0.0128   0.0128   0.0018   0.0000   0.0000   0.0000   0.0000   0.0000 
  0.0000   0.0000   0.0000   0.0000   0.0000   0.0000   0.0000   0.0001   0.0000   0.0000   0.0000   0.0000   0.0155   0.1079   0.0130   1.4171   0.0000   1.4227   0.0098   0.0006   0.0035   0.8987   0.0089   0.0141   0.0141   0.0067   0.0091   0.0002   0.0002   0.0005   0.0000   0.0000   0.0000   0.0000   0.0000 
  0.0001   0.0004   0.0002   0.0000   0.0000   0.0000   0.0001   0.0010   0.0000   0.0000   0.0001   0.0001   1.3848   0.0145   0.1024   0.0145   1.4227   0.0000   0.0036   0.0092   0.0090   0.0038   0.8073   0.0731   0.0741   0.0752   0.0019   0.0040   0.0041   0.0001   0.0000   0.0000   0.0000   0.0000   0.0000 
  0.0002   0.0005   0.0002   0.0000   0.0001   0.0000   0.0000   0.0000   0.0000   0.0000   0.0002   0.0001   0.9050   0.0044   0.0091   0.0005   0.0098   0.0036   0.0000   0.0026   0.0005   0.0007   0.0021   0.0016   0.0016   0.0016   0.0004   0.0000   0.0000   0.0003   0.0000   0.0000   0.0000   0.0000   0.0000 
  0.0000   0.0000   0.0000   0.0000   0.0000   0.0000   0.0000   0.0000   0.0000   0.0000   0.0000   0.0000   0.0036   0.9108   0.0035   0.0108   0.0006   0.0092   0.0026   0.0000   0.0006   0.0005   0.0005   0.0001   0.0001   0.0008   0.0022   0.0002   0.0002   0.0002   0.0000   0.0000   0.0000   0.0000   0.0000 
  0.0000   0.0000   0.0000   0.0000   0.0000   0.0000   0.0000   0.0000   0.0000   0.0000   0.0000   0.0000   0.0006   0.0111   0.0037   0.9106   0.0035   0.0090   0.0005   0.0006   0.0000   0.0025   0.0005   0.0005   0.0005   0.0002   0.0021   0.0001   0.0001   0.0007   0.0000   0.0000   0.0000   0.0000   0.0000 
  0.0000   0.0000   0.0000   0.0000   0.0000   0.0000   0.0000   0.0000   0.0000   0.0000   0.0000   0.0000   0.0100   0.0005   0.0086   0.0043   0.8987   0.0038   0.0007   0.0005   0.0025   0.0000   0.0024   0.0015   0.0015   0.0041   0.0004   0.0001   0.0001   0.0001   0.0000   0.0000   0.0000   0.0000   0.0000 
  0.0001   0.0010   0.0002   0.0000   0.0000   0.0000   0.0000   0.0018   0.0000   0.0000   0.0005   0.0008   0.0075   0.0095   0.0019   0.0099   0.0089   0.8073   0.0021   0.0005   0.0005   0.0024   0.0000   1.1021   1.0931   1.1283   0.0007   0.0001   0.0001   0.0000   0.0000   0.0000   0.0000   0.0000   0.0000 
  0.0004   0.0076   0.0008   0.0004   0.0001   0.0002   0.0005   0.0163   0.0001   0.0000   0.0008   0.0007   0.0079   0.0018   0.0046   0.0022   0.0141   0.0731   0.0016   0.0001   0.0005   0.0015   1.1021   0.0000   0.1211   0.1212   0.0001   0.0002   0.0002   0.0000   0.0001   0.0000   0.0000   0.0000   0.0000 
  0.0008   0.0051   0.0014   0.0002   0.0001   0.0002   0.0001   0.0071   0.0001   0.0000   0.0036   0.0055   0.0080   0.0019   0.0048   0.0022   0.0141   0.0741   0.0016   0.0001   0.0005   0.0015   1.0931   0.1211   0.0000   0.1219   0.0001   0.0002   0.0002   0.0000   0.0001   0.0000   0.0000   0.0000   0.0000 
  0.0001   0.0011   0.0003   0.0001   0.0000   0.0000   0.0001   0.0023   0.0000   0.0000   0.0003   0.0002   0.0105   0.0028   0.0015   0.0014   0.0067   0.0752   0.0016   0.0008   0.0002   0.0041   1.1283   0.1212   0.1219   0.0000   0.0001   0.0001   0.0001   0.0000   0.0000   0.0000   0.0000   0.0000   0.0000 
  0.0000   0.0000   0.0000   0.0000   0.0000   0.0000   0.0000   0.0000   0.0000   0.0000   0.0000   0.0000   0.0101   0.0110   1.0340   0.0113   0.0091   0.0019   0.0004   0.0022   0.0021   0.0004   0.0007   0.0001   0.0001   0.0001   0.0000   0.9171   0.9170   0.9330   0.0000   0.0000   0.0000   0.0000   0.0000 
  0.0000   0.0000   0.0000   0.0000   0.0000   0.0000   0.0000   0.0000   0.0000   0.0000   0.0000   0.0000   0.0002   0.0059   0.0028   0.0128   0.0002   0.0040   0.0000   0.0002   0.0001   0.0001   0.0001   0.0002   0.0002   0.0001   0.9171   0.0000   0.0009   0.0008   0.0000   0.0000   0.0000   0.0000   0.0000 
  0.0000   0.0000   0.0000   0.0000   0.0000   0.0000   0.0000   0.0000   0.0000   0.0000   0.0000   0.0000   0.0002   0.0060   0.0028   0.0128   0.0002   0.0041   0.0000   0.0002   0.0001   0.0001   0.0001   0.0002   0.0002   0.0001   0.9170   0.0009   0.0000   0.0008   0.0000   0.0000   0.0000   0.0000   0.0000 
  0.0000   0.0000   0.0000   0.0000   0.0000   0.0000   0.0000   0.0000   0.0000   0.0000   0.0000   0.0000   0.0003   0.0081   0.0019   0.0018   0.0005   0.0001   0.0003   0.0002   0.0007   0.0001   0.0000   0.0000   0.0000   0.0000   0.9330   0.0008   0.0008   0.0000   0.0000   0.0000   0.0000   0.0000   0.0000 
  0.0413   0.0259   0.0182   0.0196   0.0590   1.0991   0.0034   0.0003   0.0010   0.0032   0.0093   0.0234   0.0000   0.0000   0.0000   0.0000   0.0000   0.0000   0.0000   0.0000   0.0000   0.0000   0.0000   0.0001   0.0001   0.0000   0.0000   0.0000   0.0000   0.0000   0.0000   0.8580   0.0127   0.0076   0.0127 
  0.0134   0.0017   0.0003   0.0007   0.0033   0.0132   0.0003   0.0004   0.0001   0.0021   0.0001   0.0001   0.0000   0.0000   0.0000   0.0000   0.0000   0.0000   0.0000   0.0000   0.0000   0.0000   0.0000   0.0000   0.0000   0.0000   0.0000   0.0000   0.0000   0.0000   0.8580   0.0000   0.9331   0.9314   0.9332 
  0.0008   0.0008   0.0008   0.0003   0.0034   0.0025   0.0000   0.0000   0.0000   0.0003   0.0003   0.0009   0.0000   0.0000   0.0000   0.0000   0.0000   0.0000   0.0000   0.0000   0.0000   0.0000   0.0000   0.0000   0.0000   0.0000   0.0000   0.0000   0.0000   0.0000   0.0127   0.9331   0.0000   0.0006   0.0004 
  0.0001   0.0001   0.0001   0.0000   0.0008   0.0059   0.0001   0.0000   0.0000   0.0002   0.0000   0.0000   0.0000   0.0000   0.0000   0.0000   0.0000   0.0000   0.0000   0.0000   0.0000   0.0000   0.0000   0.0000   0.0000   0.0000   0.0000   0.0000   0.0000   0.0000   0.0076   0.9314   0.0006   0.0000   0.0006 
  0.0008   0.0007   0.0008   0.0003   0.0034   0.0024   0.0000   0.0000   0.0000   0.0003   0.0003   0.0009   0.0000   0.0000   0.0000   0.0000   0.0000   0.0000   0.0000   0.0000   0.0000   0.0000   0.0000   0.0000   0.0000   0.0000   0.0000   0.0000   0.0000   0.0000   0.0127   0.9332   0.0004   0.0006   0.0000 

Freq:
    2.8014    11.7748    17.6296    33.0392    45.0324    50.0605    62.0892    71.4938    83.8782    91.3644   149.6674   152.3624   160.9092   211.0631   215.5235   255.9790   271.2795   277.2602   308.2450   349.2599   379.7414   383.5695   415.8191   418.8712   462.3010   494.4817   500.0545   503.3258   534.7817   539.9709   544.6474   547.5820   641.2517   644.0636   645.8845   703.2593   726.7216   727.2799   809.1765   817.4827   824.5758   829.3188   847.5757   872.0864   935.3650   968.7397   983.3339   994.1795  1001.4808  1001.9989  1014.0623  1028.3800  1034.6118  1051.1524  1061.3738  1092.8690  1106.7127  1128.3459  1141.5513  1148.9900  1153.4151  1192.8110  1193.8432  1213.5490  1228.2773  1311.0717  1318.2615  1322.9082  1340.9306  1375.7140  1392.0933  1417.5667  1445.4046  1451.3517  1464.9486  1466.4618  1469.7556  1485.1124  1509.3934  1517.0334  1576.5207  1613.0627  1617.1211  1638.3202  2318.1470  3030.0681  3049.3541  3086.7008  3119.8215  3135.4317  3171.4776  3176.4022  3185.0984  3187.0704  3198.8787  3212.6163  3217.6031  3226.3904  3244.6240 
