Sum of electronic and zero-point Energies=           -531.346002
Sum of electronic and thermal Energies=              -531.336064
Sum of electronic and thermal Enthalpies=            -531.335120
Sum of electronic and thermal Free Energies=         -531.381899

Wiberg:
  0.0000   1.4975   0.0141   0.0986   0.0137   1.3323   0.9075   0.0044   0.0005   0.0094   0.0117   0.0027   0.0411   0.0124   0.0001   0.0011   0.0011   0.0002   0.0000 
  1.4975   0.0000   1.3242   0.0130   0.0895   0.0165   0.0051   0.9070   0.0092   0.0006   0.0180   0.0462   0.0138   0.0015   0.0001   0.0003   0.0003   0.0060   0.0002 
  0.0141   1.3242   0.0000   1.3528   0.0151   0.0776   0.0098   0.0034   0.0038   0.0091   1.0870   0.0618   0.0200   0.0003   0.0001   0.0011   0.0011   0.0106   0.0002 
  0.0986   0.0130   1.3528   0.0000   1.4432   0.0167   0.0006   0.0100   0.8965   0.0049   0.0199   0.0440   0.0105   0.0008   0.0000   0.0001   0.0001   0.0235   0.0013 
  0.0137   0.0895   0.0151   1.4432   0.0000   1.3607   0.0101   0.0006   0.0046   0.9094   0.0119   0.0055   0.0608   0.0031   0.0010   0.0043   0.0043   0.0046   0.0001 
  1.3323   0.0165   0.0776   0.0167   1.3607   0.0000   0.0035   0.0094   0.0085   0.0032   0.0024   0.0270   1.0171   0.0124   0.0068   0.0015   0.0015   0.0056   0.0001 
  0.9075   0.0051   0.0098   0.0006   0.0101   0.0035   0.0000   0.0029   0.0004   0.0009   0.0003   0.0004   0.0036   0.0003   0.0001   0.0000   0.0000   0.0000   0.0000 
  0.0044   0.9070   0.0034   0.0100   0.0006   0.0094   0.0029   0.0000   0.0007   0.0004   0.0054   0.0017   0.0004   0.0005   0.0000   0.0000   0.0000   0.0005   0.0000 
  0.0005   0.0092   0.0038   0.8965   0.0046   0.0085   0.0004   0.0007   0.0000   0.0025   0.0019   0.0016   0.0009   0.0001   0.0000   0.0000   0.0000   0.0054   0.0003 
  0.0094   0.0006   0.0091   0.0049   0.9094   0.0032   0.0009   0.0004   0.0025   0.0000   0.0009   0.0003   0.0039   0.0021   0.0002   0.0003   0.0003   0.0003   0.0000 
  0.0117   0.0180   1.0870   0.0199   0.0119   0.0024   0.0003   0.0054   0.0019   0.0009   0.0000   1.9178   0.0023   0.0001   0.0000   0.0001   0.0001   0.1813   0.0089 
  0.0027   0.0462   0.0618   0.0440   0.0055   0.0270   0.0004   0.0017   0.0016   0.0003   1.9178   0.0000   0.0101   0.0001   0.0000   0.0005   0.0005   0.9481   0.0019 
  0.0411   0.0138   0.0200   0.0105   0.0608   1.0171   0.0036   0.0004   0.0009   0.0039   0.0023   0.0101   0.0000   0.8915   0.0090   0.0196   0.0196   0.0019   0.0000 
  0.0124   0.0015   0.0003   0.0008   0.0031   0.0124   0.0003   0.0005   0.0001   0.0021   0.0001   0.0001   0.8915   0.0000   0.9356   0.9357   0.9357   0.0000   0.0000 
  0.0001   0.0001   0.0001   0.0000   0.0010   0.0068   0.0001   0.0000   0.0000   0.0002   0.0000   0.0000   0.0090   0.9356   0.0000   0.0006   0.0006   0.0000   0.0000 
  0.0011   0.0003   0.0011   0.0001   0.0043   0.0015   0.0000   0.0000   0.0000   0.0003   0.0001   0.0005   0.0196   0.9357   0.0006   0.0000   0.0006   0.0001   0.0000 
  0.0011   0.0003   0.0011   0.0001   0.0043   0.0015   0.0000   0.0000   0.0000   0.0003   0.0001   0.0005   0.0196   0.9357   0.0006   0.0006   0.0000   0.0001   0.0000 
  0.0002   0.0060   0.0106   0.0235   0.0046   0.0056   0.0000   0.0005   0.0054   0.0003   0.1813   0.9481   0.0019   0.0000   0.0000   0.0001   0.0001   0.0000   0.7472 
  0.0000   0.0002   0.0002   0.0013   0.0001   0.0001   0.0000   0.0000   0.0003   0.0000   0.0089   0.0019   0.0000   0.0000   0.0000   0.0000   0.0000   0.7472   0.0000 

Freq:
   42.4295    82.6519   142.6655   172.4031   237.9010   274.0167   304.5274   323.0252   399.2354   431.2633   477.9056   517.0742   517.4989   622.9550   631.7429   672.6798   714.1541   750.5178   813.8672   818.1261   853.5229   858.1821   984.6209   992.5601  1014.0470  1055.7135  1129.2609  1157.5177  1161.5959  1193.2382  1203.9008  1281.1126  1302.3449  1317.7375  1351.3465  1449.0474  1450.4325  1473.3862  1479.2684  1521.0646  1600.8623  1629.3932  1700.5106  3015.2027  3084.6767  3153.6429  3195.6562  3210.0494  3215.3012  3282.5053  3796.4823 
