Sum of electronic and zero-point Energies=          -1080.009708
Sum of electronic and thermal Energies=             -1079.994511
Sum of electronic and thermal Enthalpies=           -1079.993567
Sum of electronic and thermal Free Energies=        -1080.056225

Wiberg:
  0.0000   1.4735   0.0158   0.0859   0.0122   1.3728   0.8983   0.0066   0.0004   0.0105   0.0142   0.0099   0.0001   0.0006   0.0003   0.0001   0.0001   0.0000   0.0122   0.0119   0.0118   0.0018 
  1.4735   0.0000   1.2898   0.0405   0.0870   0.0272   0.0039   0.8713   0.0076   0.0005   0.0177   0.0639   0.0008   0.0039   0.0067   0.0012   0.0003   0.0000   0.0097   0.0012   0.0012   0.0005 
  0.0158   1.2898   0.0000   1.2746   0.0167   0.0706   0.0092   0.0050   0.0037   0.0092   1.0729   0.1338   0.0001   0.0010   0.0006   0.0002   0.0001   0.0000   0.0021   0.0030   0.0029   0.0000 
  0.0859   0.0405   1.2746   0.0000   1.5024   0.0250   0.0005   0.0074   0.8954   0.0039   0.0170   0.0598   0.0000   0.0002   0.0003   0.0001   0.0000   0.0000   0.0117   0.0009   0.0009   0.0003 
  0.0122   0.0870   0.0167   1.5024   0.0000   1.3490   0.0107   0.0004   0.0055   0.8982   0.0145   0.0109   0.0000   0.0001   0.0001   0.0000   0.0000   0.0000   0.0116   0.0056   0.0055   0.0083 
  1.3728   0.0272   0.0706   0.0250   1.3490   0.0000   0.0037   0.0086   0.0091   0.0038   0.0121   0.0450   0.0000   0.0002   0.0001   0.0000   0.0000   0.0000   1.0485   0.0049   0.0048   0.0019 
  0.8983   0.0039   0.0092   0.0005   0.0107   0.0037   0.0000   0.0024   0.0003   0.0005   0.0006   0.0014   0.0000   0.0002   0.0005   0.0001   0.0001   0.0000   0.0021   0.0001   0.0001   0.0006 
  0.0066   0.8713   0.0050   0.0074   0.0004   0.0086   0.0024   0.0000   0.0007   0.0003   0.0016   0.0004   0.0015   0.0054   0.0147   0.0028   0.0007   0.0000   0.0003   0.0001   0.0001   0.0001 
  0.0004   0.0076   0.0037   0.8954   0.0055   0.0091   0.0003   0.0007   0.0000   0.0028   0.0019   0.0006   0.0000   0.0001   0.0001   0.0000   0.0000   0.0000   0.0004   0.0000   0.0000   0.0003 
  0.0105   0.0005   0.0092   0.0039   0.8982   0.0038   0.0005   0.0003   0.0028   0.0000   0.0007   0.0014   0.0000   0.0000   0.0000   0.0000   0.0000   0.0000   0.0023   0.0002   0.0002   0.0002 
  0.0142   0.0177   1.0729   0.0170   0.0145   0.0121   0.0006   0.0016   0.0019   0.0007   0.0000   2.6814   0.0004   0.0031   0.0006   0.0003   0.0001   0.0000   0.0015   0.0008   0.0008   0.0000 
  0.0099   0.0639   0.1338   0.0598   0.0109   0.0450   0.0014   0.0004   0.0006   0.0014   2.6814   0.0000   0.0007   0.0047   0.0005   0.0002   0.0002   0.0000   0.0023   0.0026   0.0025   0.0000 
  0.0001   0.0008   0.0001   0.0000   0.0000   0.0000   0.0000   0.0015   0.0000   0.0000   0.0004   0.0007   0.0000   1.1551   1.1620   1.1817   0.6641   0.0025   0.0000   0.0000   0.0000   0.0000 
  0.0006   0.0039   0.0010   0.0002   0.0001   0.0002   0.0002   0.0054   0.0001   0.0000   0.0031   0.0047   1.1551   0.0000   0.1221   0.1231   0.0729   0.0121   0.0000   0.0000   0.0000   0.0000 
  0.0003   0.0067   0.0006   0.0003   0.0001   0.0001   0.0005   0.0147   0.0001   0.0000   0.0006   0.0005   1.1620   0.1221   0.0000   0.1238   0.0877   0.0007   0.0000   0.0000   0.0000   0.0000 
  0.0001   0.0012   0.0002   0.0001   0.0000   0.0000   0.0001   0.0028   0.0000   0.0000   0.0003   0.0002   1.1817   0.1231   0.1238   0.0000   0.0896   0.0007   0.0000   0.0000   0.0000   0.0000 
  0.0001   0.0003   0.0001   0.0000   0.0000   0.0000   0.0001   0.0007   0.0000   0.0000   0.0001   0.0002   0.6641   0.0729   0.0877   0.0896   0.0000   0.7199   0.0000   0.0000   0.0000   0.0000 
  0.0000   0.0000   0.0000   0.0000   0.0000   0.0000   0.0000   0.0000   0.0000   0.0000   0.0000   0.0000   0.0025   0.0121   0.0007   0.0007   0.7199   0.0000   0.0000   0.0000   0.0000   0.0000 
  0.0122   0.0097   0.0021   0.0117   0.0116   1.0485   0.0021   0.0003   0.0004   0.0023   0.0015   0.0023   0.0000   0.0000   0.0000   0.0000   0.0000   0.0000   0.0000   0.9032   0.9036   0.9274 
  0.0119   0.0012   0.0030   0.0009   0.0056   0.0049   0.0001   0.0001   0.0000   0.0002   0.0008   0.0026   0.0000   0.0000   0.0000   0.0000   0.0000   0.0000   0.9032   0.0000   0.0012   0.0009 
  0.0118   0.0012   0.0029   0.0009   0.0055   0.0048   0.0001   0.0001   0.0000   0.0002   0.0008   0.0025   0.0000   0.0000   0.0000   0.0000   0.0000   0.0000   0.9036   0.0012   0.0000   0.0009 
  0.0018   0.0005   0.0000   0.0003   0.0083   0.0019   0.0006   0.0001   0.0003   0.0002   0.0000   0.0000   0.0000   0.0000   0.0000   0.0000   0.0000   0.0000   0.9274   0.0009   0.0009   0.0000 

Freq:
   23.7684    30.5253    39.8127    48.1108    50.9295    68.5565    75.0921   110.1058   161.7422   167.3037   250.7453   351.6964   357.7161   371.0704   404.4270   411.5428   465.9366   491.7089   505.2079   509.6967   538.2717   560.3301   649.3019   680.5434   694.0817   709.4055   822.0611   829.3742   854.3331   955.1107   988.7425  1006.1701  1020.3975  1030.5146  1048.4476  1092.4284  1123.0709  1133.9880  1146.5404  1180.4314  1210.2088  1236.9155  1328.4242  1364.0926  1387.4562  1440.2334  1446.6656  1467.9384  1495.2708  1589.2159  1618.8201  2345.4266  3037.2555  3095.1374  3142.9001  3197.3957  3202.8856  3208.7284  3228.6054  3747.0932 
