Sum of electronic and zero-point Energies=           -555.391129
Sum of electronic and thermal Energies=              -555.380411
Sum of electronic and thermal Enthalpies=            -555.379467
Sum of electronic and thermal Free Energies=         -555.428084

Wiberg:
  0.0000   1.5258   0.0183   0.0829   0.0153   1.3049   0.8984   0.0053   0.0004   0.0088   0.0145   0.0110   0.0002   0.0418   0.0131   0.0001   0.0009   0.0009 
  1.5258   0.0000   1.2855   0.0265   0.0757   0.0208   0.0050   0.8981   0.0078   0.0005   0.0145   0.0468   0.0021   0.0207   0.0016   0.0001   0.0006   0.0006 
  0.0183   1.2855   0.0000   1.2939   0.0175   0.0641   0.0095   0.0038   0.0039   0.0092   1.0791   0.1152   0.0041   0.0201   0.0002   0.0001   0.0009   0.0009 
  0.0829   0.0265   1.2939   0.0000   1.4884   0.0233   0.0006   0.0083   0.8767   0.0051   0.0143   0.0581   0.0176   0.0165   0.0007   0.0000   0.0003   0.0003 
  0.0153   0.0757   0.0175   1.4884   0.0000   1.3229   0.0098   0.0004   0.0056   0.8958   0.0150   0.0128   0.0021   0.0616   0.0033   0.0009   0.0037   0.0037 
  1.3049   0.0208   0.0641   0.0233   1.3229   0.0000   0.0035   0.0092   0.0084   0.0033   0.0076   0.0329   0.0014   1.0733   0.0129   0.0061   0.0021   0.0021 
  0.8984   0.0050   0.0095   0.0006   0.0098   0.0035   0.0000   0.0029   0.0003   0.0008   0.0004   0.0005   0.0000   0.0034   0.0003   0.0001   0.0000   0.0000 
  0.0053   0.8981   0.0038   0.0083   0.0004   0.0092   0.0029   0.0000   0.0008   0.0003   0.0021   0.0009   0.0003   0.0003   0.0005   0.0000   0.0000   0.0000 
  0.0004   0.0078   0.0039   0.8767   0.0056   0.0084   0.0003   0.0008   0.0000   0.0025   0.0020   0.0007   0.0106   0.0009   0.0001   0.0000   0.0000   0.0000 
  0.0088   0.0005   0.0092   0.0051   0.8958   0.0033   0.0008   0.0003   0.0025   0.0000   0.0003   0.0012   0.0006   0.0034   0.0021   0.0002   0.0003   0.0003 
  0.0145   0.0145   1.0791   0.0143   0.0150   0.0076   0.0004   0.0021   0.0020   0.0003   0.0000   2.5044   0.1182   0.0067   0.0001   0.0000   0.0002   0.0002 
  0.0110   0.0468   0.1152   0.0581   0.0128   0.0329   0.0005   0.0009   0.0007   0.0012   2.5044   0.0000   0.2271   0.0182   0.0001   0.0000   0.0007   0.0007 
  0.0002   0.0021   0.0041   0.0176   0.0021   0.0014   0.0000   0.0003   0.0106   0.0006   0.1182   0.2271   0.0000   0.0005   0.0000   0.0000   0.0000   0.0000 
  0.0418   0.0207   0.0201   0.0165   0.0616   1.0733   0.0034   0.0003   0.0009   0.0034   0.0067   0.0182   0.0005   0.0000   0.8647   0.0077   0.0141   0.0141 
  0.0131   0.0016   0.0002   0.0007   0.0033   0.0129   0.0003   0.0005   0.0001   0.0021   0.0001   0.0001   0.0000   0.8647   0.0000   0.9324   0.9338   0.9338 
  0.0001   0.0001   0.0001   0.0000   0.0009   0.0061   0.0001   0.0000   0.0000   0.0002   0.0000   0.0000   0.0000   0.0077   0.9324   0.0000   0.0006   0.0006 
  0.0009   0.0006   0.0009   0.0003   0.0037   0.0021   0.0000   0.0000   0.0000   0.0003   0.0002   0.0007   0.0000   0.0141   0.9338   0.0006   0.0000   0.0004 
  0.0009   0.0006   0.0009   0.0003   0.0037   0.0021   0.0000   0.0000   0.0000   0.0003   0.0002   0.0007   0.0000   0.0141   0.9338   0.0006   0.0004   0.0000 

Freq:
   64.3909    87.2384    88.8088   146.9157   149.2354   212.5659   216.9164   276.3041   281.9977   387.6141   425.6899   499.4811   505.3993   531.3205   549.8180   640.9444   706.5872   733.6921   821.2110   830.3446   859.1636   990.1904  1010.7797  1013.6876  1021.5405  1128.0366  1144.4550  1154.7130  1192.3806  1209.4148  1294.3410  1316.8119  1367.8504  1446.2387  1463.9728  1466.8399  1476.8580  1512.1604  1588.5511  1620.5861  2173.3120  3042.3329  3125.1579  3178.1301  3200.2240  3213.3742  3226.5040  3237.0008 
