Sum of electronic and zero-point Energies=          -1155.183406
Sum of electronic and thermal Energies=             -1155.167603
Sum of electronic and thermal Enthalpies=           -1155.166659
Sum of electronic and thermal Free Energies=        -1155.229259

Wiberg:
  0.0000   1.4642   0.0151   0.0780   0.0145   1.3435   0.8967   0.0068   0.0004   0.0095   0.0143   0.0106   0.0641   0.0033   0.0039   0.0009   0.0038   0.0006   0.0025   0.0039   0.0007   0.0002   0.0000 
  1.4642   0.0000   1.2843   0.0302   0.0727   0.0298   0.0054   0.8583   0.0081   0.0006   0.0169   0.0612   0.0197   0.0007   0.0003   0.0000   0.0003   0.0027   0.0106   0.0213   0.0035   0.0011   0.0001 
  0.0151   1.2843   0.0000   1.2473   0.0225   0.0578   0.0094   0.0052   0.0033   0.0095   1.0875   0.1438   0.0179   0.0003   0.0009   0.0001   0.0008   0.0010   0.0033   0.0047   0.0014   0.0020   0.0001 
  0.0780   0.0302   1.2473   0.0000   1.5532   0.0191   0.0005   0.0074   0.9054   0.0050   0.0145   0.0525   0.0200   0.0016   0.0005   0.0001   0.0005   0.0001   0.0017   0.0008   0.0005   0.0006   0.0000 
  0.0145   0.0727   0.0225   1.5532   0.0000   1.2775   0.0090   0.0004   0.0055   0.8997   0.0170   0.0178   0.0374   0.0133   0.0008   0.0001   0.0008   0.0001   0.0006   0.0020   0.0002   0.0001   0.0000 
  1.3435   0.0298   0.0578   0.0191   1.2775   0.0000   0.0032   0.0079   0.0095   0.0035   0.0084   0.0336   1.0751   0.0128   0.0021   0.0061   0.0021   0.0002   0.0008   0.0035   0.0009   0.0004   0.0000 
  0.8967   0.0054   0.0094   0.0005   0.0090   0.0032   0.0000   0.0024   0.0003   0.0007   0.0005   0.0012   0.0035   0.0021   0.0003   0.0002   0.0003   0.0000   0.0003   0.0004   0.0001   0.0001   0.0000 
  0.0068   0.8583   0.0052   0.0074   0.0004   0.0079   0.0024   0.0000   0.0008   0.0002   0.0016   0.0004   0.0008   0.0001   0.0000   0.0000   0.0000   0.0013   0.0148   0.0024   0.0020   0.0008   0.0000 
  0.0004   0.0081   0.0033   0.9054   0.0055   0.0095   0.0003   0.0008   0.0000   0.0029   0.0014   0.0004   0.0004   0.0005   0.0000   0.0000   0.0000   0.0000   0.0002   0.0001   0.0001   0.0000   0.0000 
  0.0095   0.0006   0.0095   0.0050   0.8997   0.0035   0.0007   0.0002   0.0029   0.0000   0.0006   0.0013   0.0034   0.0003   0.0000   0.0001   0.0000   0.0000   0.0001   0.0000   0.0000   0.0000   0.0000 
  0.0143   0.0169   1.0875   0.0145   0.0170   0.0084   0.0005   0.0016   0.0014   0.0006   0.0000   2.6516   0.0073   0.0001   0.0003   0.0000   0.0002   0.0007   0.0131   0.0034   0.0019   0.0019   0.0001 
  0.0106   0.0612   0.1438   0.0525   0.0178   0.0336   0.0012   0.0004   0.0004   0.0013   2.6516   0.0000   0.0195   0.0001   0.0008   0.0000   0.0008   0.0007   0.0168   0.0067   0.0029   0.0019   0.0001 
  0.0641   0.0197   0.0179   0.0200   0.0374   1.0751   0.0035   0.0008   0.0004   0.0034   0.0073   0.0195   0.0000   0.8697   0.0148   0.0080   0.0142   0.0001   0.0003   0.0011   0.0003   0.0001   0.0000 
  0.0033   0.0007   0.0003   0.0016   0.0133   0.0128   0.0021   0.0001   0.0005   0.0003   0.0001   0.0001   0.8697   0.0000   0.9357   0.9334   0.9330   0.0000   0.0000   0.0001   0.0000   0.0000   0.0000 
  0.0039   0.0003   0.0009   0.0005   0.0008   0.0021   0.0003   0.0000   0.0000   0.0000   0.0003   0.0008   0.0148   0.9357   0.0000   0.0006   0.0004   0.0000   0.0000   0.0001   0.0000   0.0000   0.0000 
  0.0009   0.0000   0.0001   0.0001   0.0001   0.0061   0.0002   0.0000   0.0000   0.0001   0.0000   0.0000   0.0080   0.9334   0.0006   0.0000   0.0006   0.0000   0.0000   0.0000   0.0000   0.0000   0.0000 
  0.0038   0.0003   0.0008   0.0005   0.0008   0.0021   0.0003   0.0000   0.0000   0.0000   0.0002   0.0008   0.0142   0.9330   0.0004   0.0006   0.0000   0.0000   0.0000   0.0002   0.0000   0.0000   0.0000 
  0.0006   0.0027   0.0010   0.0001   0.0001   0.0002   0.0000   0.0013   0.0000   0.0000   0.0007   0.0007   0.0001   0.0000   0.0000   0.0000   0.0000   0.0000   1.1237   1.1825   1.2445   0.6121   0.0021 
  0.0025   0.0106   0.0033   0.0017   0.0006   0.0008   0.0003   0.0148   0.0002   0.0001   0.0131   0.0168   0.0003   0.0000   0.0000   0.0000   0.0000   1.1237   0.0000   0.1223   0.1244   0.0724   0.0087 
  0.0039   0.0213   0.0047   0.0008   0.0020   0.0035   0.0004   0.0024   0.0001   0.0000   0.0034   0.0067   0.0011   0.0001   0.0001   0.0000   0.0002   1.1825   0.1223   0.0000   0.1325   0.0848   0.0019 
  0.0007   0.0035   0.0014   0.0005   0.0002   0.0009   0.0001   0.0020   0.0001   0.0000   0.0019   0.0029   0.0003   0.0000   0.0000   0.0000   0.0000   1.2445   0.1244   0.1325   0.0000   0.0925   0.0019 
  0.0002   0.0011   0.0020   0.0006   0.0001   0.0004   0.0001   0.0008   0.0000   0.0000   0.0019   0.0019   0.0001   0.0000   0.0000   0.0000   0.0000   0.6121   0.0724   0.0848   0.0925   0.0000   0.7293 
  0.0000   0.0001   0.0001   0.0000   0.0000   0.0000   0.0000   0.0000   0.0000   0.0000   0.0001   0.0001   0.0000   0.0000   0.0000   0.0000   0.0000   0.0021   0.0087   0.0019   0.0019   0.7293   0.0000 

Freq:
   20.7033    26.5621    50.8537    68.2838    93.9729   100.7098   113.5209   128.9416   144.4455   156.0134   223.0539   255.4751   279.7248   342.4019   373.9212   381.7183   420.1848   486.3214   496.7022   500.4513   503.6430   512.6798   526.1246   543.6917   645.6502   662.6745   700.8265   716.2985   805.5366   830.0412   852.7111   955.2553   970.6278   986.9322  1008.1211  1031.4933  1087.7779  1123.8460  1137.9933  1155.8101  1156.6142  1195.8285  1205.6722  1231.8566  1309.7577  1317.5390  1378.7967  1448.8887  1470.2101  1476.2734  1482.6301  1509.1291  1583.9292  1631.3286  2332.4894  3036.4579  3117.7783  3174.2361  3208.6194  3222.1465  3224.1687  3241.2170  3789.0795 
