Sum of electronic and zero-point Energies=           -684.003931
Sum of electronic and thermal Energies=              -683.989514
Sum of electronic and thermal Enthalpies=            -683.988570
Sum of electronic and thermal Free Energies=         -684.049307

Wiberg:
  0.0000   1.5491   0.0188   0.0745   0.0154   1.2850   0.8946   0.0056   0.0004   0.0087   0.0170   0.0168   0.0397   0.0134   0.0001   0.0008   0.0008   0.0001   0.0000   0.0003   0.0000   0.0000   0.0000   0.0000 
  1.5491   0.0000   1.2488   0.0324   0.0701   0.0233   0.0051   0.8955   0.0075   0.0005   0.0149   0.0530   0.0242   0.0017   0.0001   0.0007   0.0007   0.0000   0.0001   0.0004   0.0000   0.0000   0.0000   0.0000 
  0.0188   1.2488   0.0000   1.2715   0.0172   0.0570   0.0094   0.0037   0.0049   0.0094   1.0980   0.1490   0.0184   0.0002   0.0001   0.0008   0.0008   0.0002   0.0002   0.0017   0.0001   0.0000   0.0000   0.0000 
  0.0745   0.0324   1.2715   0.0000   1.5017   0.0274   0.0006   0.0077   0.8602   0.0052   0.0170   0.0624   0.0199   0.0007   0.0000   0.0003   0.0003   0.0015   0.0007   0.0146   0.0008   0.0002   0.0001   0.0002 
  0.0154   0.0701   0.0172   1.5017   0.0000   1.3119   0.0096   0.0004   0.0067   0.8934   0.0166   0.0158   0.0612   0.0033   0.0008   0.0036   0.0036   0.0003   0.0001   0.0015   0.0001   0.0001   0.0000   0.0001 
  1.2850   0.0233   0.0570   0.0274   1.3119   0.0000   0.0035   0.0092   0.0083   0.0032   0.0097   0.0366   1.0952   0.0132   0.0059   0.0024   0.0024   0.0001   0.0000   0.0005   0.0000   0.0000   0.0000   0.0000 
  0.8946   0.0051   0.0094   0.0006   0.0096   0.0035   0.0000   0.0029   0.0003   0.0007   0.0005   0.0012   0.0034   0.0003   0.0001   0.0000   0.0000   0.0000   0.0000   0.0001   0.0000   0.0000   0.0000   0.0000 
  0.0056   0.8955   0.0037   0.0077   0.0004   0.0092   0.0029   0.0000   0.0008   0.0003   0.0017   0.0006   0.0003   0.0005   0.0000   0.0000   0.0000   0.0000   0.0000   0.0001   0.0000   0.0000   0.0000   0.0000 
  0.0004   0.0075   0.0049   0.8602   0.0067   0.0083   0.0003   0.0008   0.0000   0.0023   0.0015   0.0004   0.0009   0.0001   0.0000   0.0000   0.0000   0.0023   0.0006   0.0236   0.0013   0.0002   0.0003   0.0001 
  0.0087   0.0005   0.0094   0.0052   0.8934   0.0032   0.0007   0.0003   0.0023   0.0000   0.0005   0.0014   0.0032   0.0021   0.0002   0.0003   0.0003   0.0001   0.0000   0.0003   0.0001   0.0000   0.0000   0.0000 
  0.0170   0.0149   1.0980   0.0170   0.0166   0.0097   0.0005   0.0017   0.0015   0.0005   0.0000   2.6341   0.0089   0.0001   0.0000   0.0003   0.0003   0.0009   0.0006   0.0147   0.0010   0.0000   0.0002   0.0000 
  0.0168   0.0530   0.1490   0.0624   0.0158   0.0366   0.0012   0.0006   0.0004   0.0014   2.6341   0.0000   0.0227   0.0001   0.0000   0.0009   0.0009   0.0013   0.0007   0.0226   0.0017   0.0000   0.0002   0.0000 
  0.0397   0.0242   0.0184   0.0199   0.0612   1.0952   0.0034   0.0003   0.0009   0.0032   0.0089   0.0227   0.0000   0.8590   0.0076   0.0129   0.0129   0.0000   0.0000   0.0002   0.0000   0.0000   0.0000   0.0000 
  0.0134   0.0017   0.0002   0.0007   0.0033   0.0132   0.0003   0.0005   0.0001   0.0021   0.0001   0.0001   0.8590   0.0000   0.9316   0.9333   0.9333   0.0000   0.0000   0.0000   0.0000   0.0000   0.0000   0.0000 
  0.0001   0.0001   0.0001   0.0000   0.0008   0.0059   0.0001   0.0000   0.0000   0.0002   0.0000   0.0000   0.0076   0.9316   0.0000   0.0006   0.0006   0.0000   0.0000   0.0000   0.0000   0.0000   0.0000   0.0000 
  0.0008   0.0007   0.0008   0.0003   0.0036   0.0024   0.0000   0.0000   0.0000   0.0003   0.0003   0.0009   0.0129   0.9333   0.0006   0.0000   0.0004   0.0000   0.0000   0.0000   0.0000   0.0000   0.0000   0.0000 
  0.0008   0.0007   0.0008   0.0003   0.0036   0.0024   0.0000   0.0000   0.0000   0.0003   0.0003   0.0009   0.0129   0.9333   0.0006   0.0004   0.0000   0.0000   0.0000   0.0000   0.0000   0.0000   0.0000   0.0000 
  0.0001   0.0000   0.0002   0.0015   0.0003   0.0001   0.0000   0.0000   0.0023   0.0001   0.0009   0.0013   0.0000   0.0000   0.0000   0.0000   0.0000   0.0000   1.4594   0.2055   0.0477   0.0141   0.0025   0.0134 
  0.0000   0.0001   0.0002   0.0007   0.0001   0.0000   0.0000   0.0000   0.0006   0.0000   0.0006   0.0007   0.0000   0.0000   0.0000   0.0000   0.0000   1.4594   0.0000   1.3971   0.9725   0.0044   0.0033   0.0047 
  0.0003   0.0004   0.0017   0.0146   0.0015   0.0005   0.0001   0.0001   0.0236   0.0003   0.0147   0.0226   0.0002   0.0000   0.0000   0.0000   0.0000   0.2055   1.3971   0.0000   0.0501   0.0043   0.0132   0.0056 
  0.0000   0.0000   0.0001   0.0008   0.0001   0.0000   0.0000   0.0000   0.0013   0.0001   0.0010   0.0017   0.0000   0.0000   0.0000   0.0000   0.0000   0.0477   0.9725   0.0501   0.0000   0.9266   0.9347   0.9245 
  0.0000   0.0000   0.0000   0.0002   0.0001   0.0000   0.0000   0.0000   0.0002   0.0000   0.0000   0.0000   0.0000   0.0000   0.0000   0.0000   0.0000   0.0141   0.0044   0.0043   0.9266   0.0000   0.0007   0.0010 
  0.0000   0.0000   0.0000   0.0001   0.0000   0.0000   0.0000   0.0000   0.0003   0.0000   0.0002   0.0002   0.0000   0.0000   0.0000   0.0000   0.0000   0.0025   0.0033   0.0132   0.9347   0.0007   0.0000   0.0008 
  0.0000   0.0000   0.0000   0.0002   0.0001   0.0000   0.0000   0.0000   0.0001   0.0000   0.0000   0.0000   0.0000   0.0000   0.0000   0.0000   0.0000   0.0134   0.0047   0.0056   0.9245   0.0010   0.0008   0.0000 

Freq:
   -4.9414    23.9991    28.1855    36.8965    50.5297    61.6549    80.1323   100.9032   146.5481   147.2636   212.0233   253.9048   275.3868   381.4784   420.7554   447.7946   496.9636   500.0395   541.1246   548.4064   612.8494   631.0023   644.8877   701.0155   733.9348   820.8187   826.7379   864.9185   901.6249   991.0652  1005.1504  1007.4213  1015.0500  1035.0723  1042.5655  1132.1080  1144.2811  1153.4916  1193.4423  1211.6649  1304.5166  1319.4498  1330.3551  1373.9285  1389.1638  1426.3203  1444.0483  1445.6039  1466.4446  1467.5489  1485.7354  1507.0597  1559.9598  1576.5745  1618.1019  2313.6568  3029.4731  3047.1098  3094.5454  3127.0883  3132.7907  3152.0848  3183.3516  3216.2626  3232.2627  3238.3702 
