Sum of electronic and zero-point Energies=          -1417.057909
Sum of electronic and thermal Energies=             -1417.039518
Sum of electronic and thermal Enthalpies=           -1417.038574
Sum of electronic and thermal Free Energies=        -1417.110130

Wiberg:
  0.0000   1.5466   0.0168   0.0740   0.0159   1.2866   0.8848   0.0070   0.0004   0.0085   0.0178   0.0171   0.0004   0.0004   0.0004   0.0005   0.0031   0.0002   0.0001   0.0000   0.0405   0.0135   0.0001   0.0008   0.0008 
  1.5466   0.0000   1.2385   0.0352   0.0646   0.0272   0.0056   0.8703   0.0077   0.0005   0.0161   0.0548   0.0011   0.0006   0.0084   0.0011   0.0017   0.0003   0.0000   0.0001   0.0273   0.0017   0.0001   0.0008   0.0008 
  0.0168   1.2385   0.0000   1.2616   0.0197   0.0543   0.0095   0.0046   0.0037   0.0091   1.1085   0.1613   0.0002   0.0001   0.0005   0.0001   0.0003   0.0001   0.0000   0.0000   0.0175   0.0002   0.0001   0.0007   0.0007 
  0.0740   0.0352   1.2616   0.0000   1.5206   0.0261   0.0006   0.0072   0.8942   0.0051   0.0166   0.0611   0.0000   0.0000   0.0002   0.0000   0.0001   0.0000   0.0000   0.0000   0.0203   0.0007   0.0000   0.0004   0.0004 
  0.0159   0.0646   0.0197   1.5206   0.0000   1.2958   0.0097   0.0004   0.0055   0.8925   0.0185   0.0200   0.0000   0.0000   0.0001   0.0000   0.0001   0.0000   0.0000   0.0000   0.0584   0.0033   0.0008   0.0034   0.0034 
  1.2866   0.0272   0.0543   0.0261   1.2958   0.0000   0.0038   0.0089   0.0088   0.0033   0.0108   0.0383   0.0001   0.0000   0.0002   0.0001   0.0006   0.0000   0.0000   0.0000   1.1040   0.0133   0.0059   0.0026   0.0025 
  0.8848   0.0056   0.0095   0.0006   0.0097   0.0038   0.0000   0.0025   0.0003   0.0007   0.0006   0.0014   0.0005   0.0003   0.0004   0.0004   0.0046   0.0001   0.0001   0.0000   0.0034   0.0003   0.0001   0.0000   0.0000 
  0.0070   0.8703   0.0046   0.0072   0.0004   0.0089   0.0025   0.0000   0.0008   0.0003   0.0015   0.0005   0.0012   0.0006   0.0177   0.0018   0.0014   0.0002   0.0001   0.0001   0.0003   0.0004   0.0000   0.0000   0.0000 
  0.0004   0.0077   0.0037   0.8942   0.0055   0.0088   0.0003   0.0008   0.0000   0.0027   0.0018   0.0006   0.0000   0.0000   0.0001   0.0000   0.0000   0.0000   0.0000   0.0000   0.0010   0.0001   0.0000   0.0000   0.0000 
  0.0085   0.0005   0.0091   0.0051   0.8925   0.0033   0.0007   0.0003   0.0027   0.0000   0.0006   0.0013   0.0000   0.0000   0.0000   0.0000   0.0000   0.0000   0.0000   0.0000   0.0032   0.0021   0.0002   0.0003   0.0003 
  0.0178   0.0161   1.1085   0.0166   0.0185   0.0108   0.0006   0.0015   0.0018   0.0006   0.0000   2.6334   0.0000   0.0000   0.0004   0.0001   0.0001   0.0000   0.0000   0.0000   0.0101   0.0001   0.0000   0.0003   0.0003 
  0.0171   0.0548   0.1613   0.0611   0.0200   0.0383   0.0014   0.0005   0.0006   0.0013   2.6334   0.0000   0.0000   0.0000   0.0002   0.0000   0.0000   0.0000   0.0000   0.0000   0.0247   0.0001   0.0000   0.0010   0.0009 
  0.0004   0.0011   0.0002   0.0000   0.0000   0.0001   0.0005   0.0012   0.0000   0.0000   0.0000   0.0000   0.0000   0.6718   1.1354   1.1574   1.1477   0.0290   0.0289   0.0289   0.0000   0.0000   0.0000   0.0000   0.0000 
  0.0004   0.0006   0.0001   0.0000   0.0000   0.0000   0.0003   0.0006   0.0000   0.0000   0.0000   0.0000   0.6718   0.0000   0.0937   0.0955   0.0952   0.8625   0.8627   0.8628   0.0000   0.0000   0.0000   0.0000   0.0000 
  0.0004   0.0084   0.0005   0.0002   0.0001   0.0002   0.0004   0.0177   0.0001   0.0000   0.0004   0.0002   1.1354   0.0937   0.0000   0.1253   0.1262   0.0047   0.0049   0.0171   0.0001   0.0000   0.0000   0.0000   0.0000 
  0.0005   0.0011   0.0001   0.0000   0.0000   0.0001   0.0004   0.0018   0.0000   0.0000   0.0001   0.0000   1.1574   0.0955   0.1253   0.0000   0.1278   0.0172   0.0049   0.0049   0.0000   0.0000   0.0000   0.0000   0.0000 
  0.0031   0.0017   0.0003   0.0001   0.0001   0.0006   0.0046   0.0014   0.0000   0.0000   0.0001   0.0000   1.1477   0.0952   0.1262   0.1278   0.0000   0.0051   0.0172   0.0050   0.0002   0.0000   0.0000   0.0000   0.0000 
  0.0002   0.0003   0.0001   0.0000   0.0000   0.0000   0.0001   0.0002   0.0000   0.0000   0.0000   0.0000   0.0290   0.8625   0.0047   0.0172   0.0051   0.0000   0.0475   0.0475   0.0000   0.0000   0.0000   0.0000   0.0000 
  0.0001   0.0000   0.0000   0.0000   0.0000   0.0000   0.0001   0.0001   0.0000   0.0000   0.0000   0.0000   0.0289   0.8627   0.0049   0.0049   0.0172   0.0475   0.0000   0.0476   0.0000   0.0000   0.0000   0.0000   0.0000 
  0.0000   0.0001   0.0000   0.0000   0.0000   0.0000   0.0000   0.0001   0.0000   0.0000   0.0000   0.0000   0.0289   0.8628   0.0171   0.0049   0.0050   0.0475   0.0476   0.0000   0.0000   0.0000   0.0000   0.0000   0.0000 
  0.0405   0.0273   0.0175   0.0203   0.0584   1.1040   0.0034   0.0003   0.0010   0.0032   0.0101   0.0247   0.0000   0.0000   0.0001   0.0000   0.0002   0.0000   0.0000   0.0000   0.0000   0.8571   0.0076   0.0124   0.0125 
  0.0135   0.0017   0.0002   0.0007   0.0033   0.0133   0.0003   0.0004   0.0001   0.0021   0.0001   0.0001   0.0000   0.0000   0.0000   0.0000   0.0000   0.0000   0.0000   0.0000   0.8571   0.0000   0.9313   0.9330   0.9331 
  0.0001   0.0001   0.0001   0.0000   0.0008   0.0059   0.0001   0.0000   0.0000   0.0002   0.0000   0.0000   0.0000   0.0000   0.0000   0.0000   0.0000   0.0000   0.0000   0.0000   0.0076   0.9313   0.0000   0.0006   0.0006 
  0.0008   0.0008   0.0007   0.0004   0.0034   0.0026   0.0000   0.0000   0.0000   0.0003   0.0003   0.0010   0.0000   0.0000   0.0000   0.0000   0.0000   0.0000   0.0000   0.0000   0.0124   0.9330   0.0006   0.0000   0.0004 
  0.0008   0.0008   0.0007   0.0004   0.0034   0.0025   0.0000   0.0000   0.0000   0.0003   0.0003   0.0009   0.0000   0.0000   0.0000   0.0000   0.0000   0.0000   0.0000   0.0000   0.0125   0.9331   0.0006   0.0004   0.0000 

Freq:
   11.3019    17.8094    21.0898    34.4507    51.3504    57.0458    77.9486    84.1041   150.7952   156.4051   182.3808   183.3234   218.0110   261.8424   275.3923   276.3492   317.6658   319.9000   383.3273   417.0842   467.2316   468.9029   500.2975   504.7479   537.5319   537.9483   549.2563   551.1533   567.0909   646.0999   703.2203   726.9946   732.3257   820.4681   828.5091   884.0218   930.7939   986.6353   999.8539  1013.2379  1025.0421  1110.1460  1111.0993  1133.5012  1141.7733  1148.6941  1153.5757  1153.7402  1157.8069  1194.8309  1216.6772  1313.7395  1327.6165  1377.6959  1445.2987  1467.4967  1469.4812  1488.2739  1511.5778  1573.7914  1616.5659  2304.3223  3049.6268  3136.4164  3174.7818  3186.2255  3221.0424  3227.7120  3244.4556 
