Sum of electronic and zero-point Energies=           -909.934373
Sum of electronic and thermal Energies=              -909.924374
Sum of electronic and thermal Enthalpies=            -909.923430
Sum of electronic and thermal Free Energies=         -909.971859

Wiberg:
  0.0000   1.4434   0.0190   0.1052   0.0345   1.3257   0.8829   0.0049   0.0004   0.0076   0.0093   0.0008   0.0017   0.0601   0.0167 
  1.4434   0.0000   1.3605   0.0184   0.1045   0.0165   0.0053   0.8823   0.0078   0.0004   0.0143   0.0470   0.0035   0.0033   0.0107 
  0.0190   1.3605   0.0000   1.3459   0.0213   0.0679   0.0082   0.0040   0.0044   0.0082   1.0107   0.0567   0.0136   0.0312   0.0072 
  0.1052   0.0184   1.3459   0.0000   1.4426   0.0168   0.0004   0.0085   0.8580   0.0055   0.0121   0.0461   0.0293   0.0034   0.0106 
  0.0345   0.1045   0.0213   1.4426   0.0000   1.3232   0.0076   0.0004   0.0055   0.8820   0.0092   0.0032   0.0021   0.0600   0.0167 
  1.3257   0.0165   0.0679   0.0168   1.3232   0.0000   0.0041   0.0083   0.0079   0.0040   0.0030   0.0209   0.0030   0.0941   1.0258 
  0.8829   0.0053   0.0082   0.0004   0.0076   0.0041   0.0000   0.0027   0.0002   0.0008   0.0004   0.0003   0.0000   0.0005   0.0021 
  0.0049   0.8823   0.0040   0.0085   0.0004   0.0083   0.0027   0.0000   0.0006   0.0002   0.0028   0.0008   0.0008   0.0010   0.0006 
  0.0004   0.0078   0.0044   0.8580   0.0055   0.0079   0.0002   0.0006   0.0000   0.0023   0.0021   0.0006   0.0232   0.0009   0.0005 
  0.0076   0.0004   0.0082   0.0055   0.8820   0.0040   0.0008   0.0002   0.0023   0.0000   0.0003   0.0006   0.0012   0.0005   0.0021 
  0.0093   0.0143   1.0107   0.0121   0.0092   0.0030   0.0004   0.0028   0.0021   0.0003   0.0000   2.4612   0.2076   0.0003   0.0006 
  0.0008   0.0470   0.0567   0.0461   0.0032   0.0209   0.0003   0.0008   0.0006   0.0006   2.4612   0.0000   0.4094   0.0092   0.0014 
  0.0017   0.0035   0.0136   0.0293   0.0021   0.0030   0.0000   0.0008   0.0232   0.0012   0.2076   0.4094   0.0000   0.0023   0.0009 
  0.0601   0.0033   0.0312   0.0034   0.0600   0.0941   0.0005   0.0010   0.0009   0.0005   0.0003   0.0092   0.0023   0.0000   2.7468 
  0.0167   0.0107   0.0072   0.0106   0.0167   1.0258   0.0021   0.0006   0.0005   0.0021   0.0006   0.0014   0.0009   2.7468   0.0000 

Freq:
   25.0536    83.6272    89.9829   131.6178   188.7199   215.3623   307.2162   380.6796   387.8203   403.3523   514.9034   531.7796   543.6557   554.2738   642.8192   650.8980   727.5781   820.1677   830.4538   868.7224   995.9586  1019.6071  1025.3968  1109.3768  1131.3119  1139.9411  1207.8387  1326.6934  1357.1704  1444.3211  1484.2499  1603.3017  1613.9219  2084.0001  2391.1358  3197.0970  3237.5522  3243.9178  3246.8777 
