Sum of electronic and zero-point Energies=          -1149.365268
Sum of electronic and thermal Energies=             -1149.350216
Sum of electronic and thermal Enthalpies=           -1149.349271
Sum of electronic and thermal Free Energies=        -1149.411440

Wiberg:
  0.0000   1.4484   0.0181   0.1091   0.0305   1.3264   0.8777   0.0053   0.0100   0.0026   0.0074   0.0004   0.0001   0.0002   0.0001   0.0003   0.0001   0.0000   0.0563   0.0158 
  1.4484   0.0000   1.3267   0.0301   0.1093   0.0182   0.0053   0.8777   0.0158   0.0562   0.0004   0.0073   0.0001   0.0004   0.0001   0.0003   0.0001   0.0000   0.0026   0.0099 
  0.0181   1.3267   0.0000   1.3431   0.0207   0.0640   0.0081   0.0041   1.0101   0.0828   0.0078   0.0055   0.0002   0.0013   0.0002   0.0003   0.0001   0.0000   0.0260   0.0057 
  0.1091   0.0301   1.3431   0.0000   1.4150   0.0208   0.0004   0.0075   0.0175   0.0602   0.0064   0.8407   0.0015   0.0138   0.0016   0.0016   0.0005   0.0001   0.0030   0.0103 
  0.0305   0.1093   0.0207   1.4150   0.0000   1.3432   0.0074   0.0004   0.0102   0.0029   0.8541   0.0069   0.0010   0.0008   0.0012   0.0091   0.0005   0.0000   0.0603   0.0174 
  1.3264   0.0182   0.0640   0.0208   1.3432   0.0000   0.0041   0.0081   0.0057   0.0259   0.0050   0.0076   0.0002   0.0004   0.0002   0.0015   0.0001   0.0000   0.0829   1.0110 
  0.8777   0.0053   0.0081   0.0004   0.0074   0.0041   0.0000   0.0027   0.0005   0.0009   0.0007   0.0002   0.0000   0.0000   0.0000   0.0001   0.0000   0.0000   0.0005   0.0021 
  0.0053   0.8777   0.0041   0.0075   0.0004   0.0081   0.0027   0.0000   0.0021   0.0005   0.0002   0.0007   0.0000   0.0001   0.0000   0.0000   0.0000   0.0000   0.0009   0.0005 
  0.0100   0.0158   1.0101   0.0175   0.0102   0.0057   0.0005   0.0021   0.0000   2.7660   0.0005   0.0018   0.0000   0.0006   0.0001   0.0001   0.0000   0.0000   0.0010   0.0006 
  0.0026   0.0562   0.0828   0.0602   0.0029   0.0259   0.0009   0.0005   2.7660   0.0000   0.0009   0.0004   0.0000   0.0002   0.0000   0.0001   0.0000   0.0000   0.0097   0.0010 
  0.0074   0.0004   0.0078   0.0064   0.8541   0.0050   0.0007   0.0002   0.0005   0.0009   0.0000   0.0021   0.0006   0.0007   0.0012   0.0162   0.0005   0.0000   0.0005   0.0019 
  0.0004   0.0073   0.0055   0.8407   0.0069   0.0076   0.0002   0.0007   0.0018   0.0004   0.0021   0.0000   0.0011   0.0296   0.0023   0.0014   0.0007   0.0001   0.0009   0.0005 
  0.0001   0.0001   0.0002   0.0015   0.0010   0.0002   0.0000   0.0000   0.0000   0.0000   0.0006   0.0011   0.0000   1.1475   1.1881   1.1527   0.6706   0.0026   0.0000   0.0000 
  0.0002   0.0004   0.0013   0.0138   0.0008   0.0004   0.0000   0.0001   0.0006   0.0002   0.0007   0.0296   1.1475   0.0000   0.1211   0.1216   0.0715   0.0122   0.0002   0.0001 
  0.0001   0.0001   0.0002   0.0016   0.0012   0.0002   0.0000   0.0000   0.0001   0.0000   0.0012   0.0023   1.1881   0.1211   0.0000   0.1233   0.0907   0.0007   0.0001   0.0001 
  0.0003   0.0003   0.0003   0.0016   0.0091   0.0015   0.0001   0.0000   0.0001   0.0001   0.0162   0.0014   1.1527   0.1216   0.1233   0.0000   0.0874   0.0008   0.0002   0.0003 
  0.0001   0.0001   0.0001   0.0005   0.0005   0.0001   0.0000   0.0000   0.0000   0.0000   0.0005   0.0007   0.6706   0.0715   0.0907   0.0874   0.0000   0.7180   0.0000   0.0000 
  0.0000   0.0000   0.0000   0.0001   0.0000   0.0000   0.0000   0.0000   0.0000   0.0000   0.0000   0.0001   0.0026   0.0122   0.0007   0.0008   0.7180   0.0000   0.0000   0.0000 
  0.0563   0.0026   0.0260   0.0030   0.0603   0.0829   0.0005   0.0009   0.0010   0.0097   0.0005   0.0009   0.0000   0.0002   0.0001   0.0002   0.0000   0.0000   0.0000   2.7654 
  0.0158   0.0099   0.0057   0.0103   0.0174   1.0110   0.0021   0.0005   0.0006   0.0010   0.0019   0.0005   0.0000   0.0001   0.0001   0.0003   0.0000   0.0000   2.7654   0.0000 

Freq:
   20.2994    22.9958    33.9550    73.3404    80.0496    86.6408    88.7299   147.1673   171.7319   204.0917   208.5679   358.1108   373.0064   374.6162   390.7693   400.9866   491.1234   507.8918   511.2135   521.2503   538.0917   548.1319   565.0114   629.5076   654.3378   685.5971   725.5494   816.3284   838.0645   910.0850   951.5504   991.9104  1009.5441  1034.1077  1086.9165  1094.2126  1112.8128  1121.2040  1155.7200  1178.1770  1207.5437  1331.4771  1351.4042  1439.2132  1473.9569  1601.8258  1605.9223  2402.1791  2410.0464  3118.8945  3187.4913  3239.5966  3251.7599  3745.6958 
