Sum of electronic and zero-point Energies=          -1096.086222
Sum of electronic and thermal Energies=             -1096.071367
Sum of electronic and thermal Enthalpies=           -1096.070423
Sum of electronic and thermal Free Energies=        -1096.132507

Wiberg:
  0.0000   1.5851   0.0215   0.0551   0.0169   1.2379   0.8987   0.0056   0.0221   0.0273   0.0096   0.0004   0.0000   0.0001   0.0000   0.0001   0.0000   0.0000   0.0438   0.0019   0.0120 
  1.5851   0.0000   1.2228   0.0288   0.0566   0.0228   0.0051   0.8968   0.0147   0.0521   0.0005   0.0073   0.0000   0.0003   0.0000   0.0001   0.0000   0.0000   0.0359   0.0004   0.0007 
  0.0215   1.2228   0.0000   1.2223   0.0193   0.0447   0.0097   0.0036   1.1387   0.1828   0.0099   0.0048   0.0001   0.0005   0.0002   0.0008   0.0001   0.0000   0.0245   0.0002   0.0002 
  0.0551   0.0288   1.2223   0.0000   1.5784   0.0242   0.0005   0.0076   0.0148   0.0525   0.0052   0.8718   0.0009   0.0080   0.0013   0.0024   0.0004   0.0001   0.0371   0.0007   0.0004 
  0.0169   0.0566   0.0193   1.5784   0.0000   1.2436   0.0095   0.0004   0.0216   0.0257   0.8991   0.0069   0.0001   0.0003   0.0001   0.0004   0.0001   0.0000   0.0457   0.0119   0.0019 
  1.2379   0.0228   0.0447   0.0242   1.2436   0.0000   0.0028   0.0095   0.0086   0.0317   0.0027   0.0092   0.0000   0.0002   0.0000   0.0001   0.0000   0.0000   1.3123   0.0036   0.0036 
  0.8987   0.0051   0.0097   0.0005   0.0095   0.0028   0.0000   0.0030   0.0006   0.0014   0.0007   0.0003   0.0000   0.0000   0.0000   0.0000   0.0000   0.0000   0.0017   0.0008   0.0001 
  0.0056   0.8968   0.0036   0.0076   0.0004   0.0095   0.0030   0.0000   0.0017   0.0006   0.0003   0.0007   0.0000   0.0001   0.0000   0.0000   0.0000   0.0000   0.0002   0.0001   0.0004 
  0.0221   0.0147   1.1387   0.0148   0.0216   0.0086   0.0006   0.0017   0.0000   2.5878   0.0005   0.0015   0.0004   0.0004   0.0002   0.0020   0.0003   0.0000   0.0178   0.0000   0.0000 
  0.0273   0.0521   0.1828   0.0525   0.0257   0.0317   0.0014   0.0006   2.5878   0.0000   0.0014   0.0005   0.0005   0.0002   0.0001   0.0035   0.0004   0.0000   0.0425   0.0001   0.0001 
  0.0096   0.0005   0.0099   0.0052   0.8991   0.0027   0.0007   0.0003   0.0005   0.0014   0.0000   0.0026   0.0000   0.0005   0.0001   0.0001   0.0000   0.0000   0.0017   0.0001   0.0008 
  0.0004   0.0073   0.0048   0.8718   0.0069   0.0092   0.0003   0.0007   0.0015   0.0005   0.0026   0.0000   0.0013   0.0180   0.0026   0.0031   0.0008   0.0001   0.0002   0.0004   0.0001 
  0.0000   0.0000   0.0001   0.0009   0.0001   0.0000   0.0000   0.0000   0.0004   0.0005   0.0000   0.0013   0.0000   1.1606   1.1781   1.1623   0.6623   0.0026   0.0000   0.0000   0.0000 
  0.0001   0.0003   0.0005   0.0080   0.0003   0.0002   0.0000   0.0001   0.0004   0.0002   0.0005   0.0180   1.1606   0.0000   0.1225   0.1234   0.0726   0.0122   0.0000   0.0000   0.0000 
  0.0000   0.0000   0.0002   0.0013   0.0001   0.0000   0.0000   0.0000   0.0002   0.0001   0.0001   0.0026   1.1781   0.1225   0.0000   0.1248   0.0893   0.0007   0.0000   0.0000   0.0000 
  0.0001   0.0001   0.0008   0.0024   0.0004   0.0001   0.0000   0.0000   0.0020   0.0035   0.0001   0.0031   1.1623   0.1234   0.1248   0.0000   0.0880   0.0008   0.0001   0.0000   0.0000 
  0.0000   0.0000   0.0001   0.0004   0.0001   0.0000   0.0000   0.0000   0.0003   0.0004   0.0000   0.0008   0.6623   0.0726   0.0893   0.0880   0.0000   0.7204   0.0000   0.0000   0.0000 
  0.0000   0.0000   0.0000   0.0001   0.0000   0.0000   0.0000   0.0000   0.0000   0.0000   0.0000   0.0001   0.0026   0.0122   0.0007   0.0008   0.7204   0.0000   0.0000   0.0000   0.0000 
  0.0438   0.0359   0.0245   0.0371   0.0457   1.3123   0.0017   0.0002   0.0178   0.0425   0.0017   0.0002   0.0000   0.0000   0.0000   0.0001   0.0000   0.0000   0.0000   0.7883   0.7881 
  0.0019   0.0004   0.0002   0.0007   0.0119   0.0036   0.0008   0.0001   0.0000   0.0001   0.0001   0.0004   0.0000   0.0000   0.0000   0.0000   0.0000   0.0000   0.7883   0.0000   0.0004 
  0.0120   0.0007   0.0002   0.0004   0.0019   0.0036   0.0001   0.0004   0.0000   0.0001   0.0008   0.0001   0.0000   0.0000   0.0000   0.0000   0.0000   0.0000   0.7881   0.0004   0.0000 

Freq:
   17.1555    26.1373    37.0766    40.8866    50.3699    67.3127   101.5692   164.0332   166.7590   246.9726   357.9642   371.2012   383.6061   385.2056   408.5970   416.0918   488.9423   489.9201   506.8816   510.1699   536.0469   547.2891   548.5829   648.6940   678.7862   723.4465   732.7244   820.6293   843.3105   868.9662   953.4646   991.9284   997.0500  1019.7373  1043.7657  1093.6098  1121.6119  1159.8363  1169.0831  1180.5145  1237.1693  1336.9119  1384.0984  1391.7093  1519.2434  1527.6003  1559.5460  1627.3473  1656.6606  2277.1212  3180.9825  3202.8065  3206.2857  3227.2785  3575.9840  3699.3943  3746.7258 
