Sum of electronic and zero-point Energies=           -856.649270
Sum of electronic and thermal Energies=              -856.639236
Sum of electronic and thermal Enthalpies=            -856.638292
Sum of electronic and thermal Free Energies=         -856.687803

Wiberg:
  0.0000   1.5873   0.0213   0.0544   0.0167   1.2361   0.8986   0.0056   0.0004   0.0095   0.0225   0.0280   0.0001   0.0432   0.0019   0.0120 
  1.5873   0.0000   1.2210   0.0289   0.0562   0.0229   0.0051   0.8967   0.0073   0.0005   0.0146   0.0518   0.0002   0.0362   0.0004   0.0007 
  0.0213   1.2210   0.0000   1.2194   0.0190   0.0440   0.0097   0.0037   0.0043   0.0100   1.1428   0.1864   0.0011   0.0239   0.0002   0.0002 
  0.0544   0.0289   1.2194   0.0000   1.5805   0.0246   0.0005   0.0077   0.8626   0.0053   0.0154   0.0530   0.0162   0.0376   0.0007   0.0004 
  0.0167   0.0562   0.0190   1.5805   0.0000   1.2424   0.0094   0.0004   0.0065   0.8988   0.0219   0.0260   0.0010   0.0454   0.0120   0.0019 
  1.2361   0.0229   0.0440   0.0246   1.2424   0.0000   0.0028   0.0095   0.0090   0.0027   0.0088   0.0319   0.0006   1.3147   0.0036   0.0036 
  0.8986   0.0051   0.0097   0.0005   0.0094   0.0028   0.0000   0.0029   0.0003   0.0007   0.0006   0.0014   0.0000   0.0017   0.0007   0.0001 
  0.0056   0.8967   0.0037   0.0077   0.0004   0.0095   0.0029   0.0000   0.0007   0.0003   0.0017   0.0006   0.0001   0.0002   0.0001   0.0004 
  0.0004   0.0073   0.0043   0.8626   0.0065   0.0090   0.0003   0.0007   0.0000   0.0025   0.0014   0.0004   0.0280   0.0002   0.0004   0.0001 
  0.0095   0.0005   0.0100   0.0053   0.8988   0.0027   0.0007   0.0003   0.0025   0.0000   0.0006   0.0015   0.0005   0.0017   0.0001   0.0008 
  0.0225   0.0146   1.1428   0.0154   0.0219   0.0088   0.0006   0.0017   0.0014   0.0006   0.0000   2.5830   0.0017   0.0182   0.0000   0.0000 
  0.0280   0.0518   0.1864   0.0530   0.0260   0.0319   0.0014   0.0006   0.0004   0.0015   2.5830   0.0000   0.0025   0.0431   0.0001   0.0001 
  0.0001   0.0002   0.0011   0.0162   0.0010   0.0006   0.0000   0.0001   0.0280   0.0005   0.0017   0.0025   0.0000   0.0001   0.0000   0.0000 
  0.0432   0.0362   0.0239   0.0376   0.0454   1.3147   0.0017   0.0002   0.0002   0.0017   0.0182   0.0431   0.0001   0.0000   0.7879   0.7879 
  0.0019   0.0004   0.0002   0.0007   0.0120   0.0036   0.0007   0.0001   0.0004   0.0001   0.0000   0.0001   0.0000   0.7879   0.0000   0.0004 
  0.0120   0.0007   0.0002   0.0004   0.0019   0.0036   0.0001   0.0004   0.0001   0.0008   0.0000   0.0001   0.0000   0.7879   0.0004   0.0000 

Freq:
   17.4294    36.9372    78.2555   102.2975   156.2796   246.0292   392.2896   403.3010   409.5462   414.1985   488.2745   532.1987   546.6746   560.9550   648.0616   723.0857   737.2213   819.8469   841.4324   867.6922   990.8708  1000.5769  1034.9060  1045.5147  1157.4980  1167.3609  1238.4285  1338.2916  1382.7701  1392.6865  1519.2646  1530.1791  1557.6581  1628.1204  1659.3591  2270.0711  3136.8337  3200.5464  3204.8311  3227.6627  3577.4551  3700.9934 
