Sum of electronic and zero-point Energies=          -1096.036038
Sum of electronic and thermal Energies=             -1096.021342
Sum of electronic and thermal Enthalpies=           -1096.020398
Sum of electronic and thermal Free Energies=        -1096.079911

Wiberg:
  0.0000   1.5470   0.0267   0.0623   0.0152   1.2641   0.9090   0.0052   0.0189   0.0225   0.0099   0.0004   0.0001   0.0002   0.0003   0.0020   0.0001   0.0000   0.0454   0.0118   0.0017 
  1.5470   0.0000   1.2593   0.0265   0.0723   0.0179   0.0048   0.9065   0.0147   0.0548   0.0005   0.0069   0.0001   0.0005   0.0007   0.0031   0.0004   0.0000   0.0240   0.0006   0.0003 
  0.0267   1.2593   0.0000   1.2507   0.0146   0.0536   0.0096   0.0035   1.0960   0.1501   0.0100   0.0062   0.0005   0.0016   0.0009   0.0032   0.0006   0.0000   0.0256   0.0003   0.0002 
  0.0623   0.0265   1.2507   0.0000   1.5280   0.0274   0.0006   0.0083   0.0155   0.0529   0.0056   0.8283   0.0022   0.0198   0.0022   0.0073   0.0011   0.0000   0.0313   0.0003   0.0009 
  0.0152   0.0723   0.0146   1.5280   0.0000   1.2871   0.0097   0.0005   0.0162   0.0141   0.9035   0.0076   0.0003   0.0008   0.0004   0.0038   0.0002   0.0000   0.0524   0.0018   0.0118 
  1.2641   0.0179   0.0536   0.0274   1.2871   0.0000   0.0029   0.0094   0.0075   0.0310   0.0026   0.0080   0.0001   0.0006   0.0001   0.0003   0.0001   0.0000   1.2393   0.0036   0.0038 
  0.9090   0.0048   0.0096   0.0006   0.0097   0.0029   0.0000   0.0029   0.0006   0.0013   0.0008   0.0003   0.0000   0.0000   0.0000   0.0001   0.0000   0.0000   0.0018   0.0001   0.0008 
  0.0052   0.9065   0.0035   0.0083   0.0005   0.0094   0.0029   0.0000   0.0015   0.0004   0.0004   0.0007   0.0000   0.0003   0.0001   0.0001   0.0000   0.0000   0.0003   0.0004   0.0001 
  0.0189   0.0147   1.0960   0.0155   0.0162   0.0075   0.0006   0.0015   0.0000   2.6279   0.0004   0.0014   0.0008   0.0012   0.0028   0.0104   0.0096   0.0003   0.0120   0.0000   0.0000 
  0.0225   0.0548   0.1501   0.0529   0.0141   0.0310   0.0013   0.0004   2.6279   0.0000   0.0012   0.0004   0.0009   0.0010   0.0040   0.0123   0.0153   0.0002   0.0315   0.0001   0.0001 
  0.0099   0.0005   0.0100   0.0056   0.9035   0.0026   0.0008   0.0004   0.0004   0.0012   0.0000   0.0023   0.0000   0.0009   0.0001   0.0001   0.0001   0.0000   0.0019   0.0009   0.0001 
  0.0004   0.0069   0.0062   0.8283   0.0076   0.0080   0.0003   0.0007   0.0014   0.0004   0.0023   0.0000   0.0022   0.0443   0.0038   0.0025   0.0008   0.0000   0.0002   0.0001   0.0003 
  0.0001   0.0001   0.0005   0.0022   0.0003   0.0001   0.0000   0.0000   0.0008   0.0009   0.0000   0.0022   0.0000   1.1582   1.2379   1.1438   0.6221   0.0022   0.0000   0.0000   0.0000 
  0.0002   0.0005   0.0016   0.0198   0.0008   0.0006   0.0000   0.0003   0.0012   0.0010   0.0009   0.0443   1.1582   0.0000   0.1276   0.1233   0.0766   0.0065   0.0001   0.0000   0.0001 
  0.0003   0.0007   0.0009   0.0022   0.0004   0.0001   0.0000   0.0001   0.0028   0.0040   0.0001   0.0038   1.2379   0.1276   0.0000   0.1266   0.0916   0.0025   0.0001   0.0000   0.0000 
  0.0020   0.0031   0.0032   0.0073   0.0038   0.0003   0.0001   0.0001   0.0104   0.0123   0.0001   0.0025   1.1438   0.1233   0.1266   0.0000   0.0797   0.0035   0.0002   0.0000   0.0000 
  0.0001   0.0004   0.0006   0.0011   0.0002   0.0001   0.0000   0.0000   0.0096   0.0153   0.0001   0.0008   0.6221   0.0766   0.0916   0.0797   0.0000   0.7282   0.0000   0.0000   0.0000 
  0.0000   0.0000   0.0000   0.0000   0.0000   0.0000   0.0000   0.0000   0.0003   0.0002   0.0000   0.0000   0.0022   0.0065   0.0025   0.0035   0.7282   0.0000   0.0000   0.0000   0.0000 
  0.0454   0.0240   0.0256   0.0313   0.0524   1.2393   0.0018   0.0003   0.0120   0.0315   0.0019   0.0002   0.0000   0.0001   0.0001   0.0002   0.0000   0.0000   0.0000   0.8027   0.8066 
  0.0118   0.0006   0.0003   0.0003   0.0018   0.0036   0.0001   0.0004   0.0000   0.0001   0.0009   0.0001   0.0000   0.0000   0.0000   0.0000   0.0000   0.0000   0.8027   0.0000   0.0004 
  0.0017   0.0003   0.0002   0.0009   0.0118   0.0038   0.0008   0.0001   0.0000   0.0001   0.0001   0.0003   0.0000   0.0001   0.0000   0.0000   0.0000   0.0000   0.8066   0.0004   0.0000 

Freq:
   16.8134    44.3660    61.0772    76.3765    95.4849   121.7105   124.0707   131.2528   190.5722   247.0328   253.1610   351.0982   355.2691   381.7473   412.7267   417.6223   483.6717   495.2606   503.5335   505.1813   510.2317   526.0487   541.8367   649.7696   670.2385   720.8082   727.2526   814.0966   848.4662   873.2013   955.1766   968.0767  1004.6912  1039.9306  1054.3868  1092.1080  1123.2299  1152.8974  1177.4924  1225.6120  1236.3517  1343.1751  1377.2004  1386.9451  1497.1349  1527.0596  1577.2582  1635.8795  1662.3797  2311.6512  3053.0010  3189.4938  3190.4447  3211.6209  3598.9400  3723.7151  3787.0512 
