Sum of electronic and zero-point Energies=           -774.019732
Sum of electronic and thermal Energies=              -774.005855
Sum of electronic and thermal Enthalpies=            -774.004910
Sum of electronic and thermal Free Energies=         -774.064048

Wiberg:
  0.0000   1.4463   0.0162   0.1021   0.0191   1.3710   0.8902   0.0045   0.0005   0.0091   0.0107   0.0166   0.0308   0.0105   0.0019   0.0002   0.0001   0.0008   0.0000   0.0000   0.0000   0.0000 
  1.4463   0.0000   1.3772   0.0152   0.1015   0.0146   0.0049   0.8985   0.0093   0.0005   0.0101   0.0016   0.0044   0.0221   0.0259   0.0004   0.0007   0.0066   0.0001   0.0000   0.0000   0.0000 
  0.0162   1.3772   0.0000   1.3653   0.0167   0.0842   0.0085   0.0036   0.0034   0.0084   0.0055   0.0131   0.0131   1.0144   0.0445   0.0014   0.0009   0.0175   0.0004   0.0001   0.0001   0.0002 
  0.1021   0.0152   1.3653   0.0000   1.4522   0.0145   0.0005   0.0099   0.8989   0.0049   0.0101   0.0044   0.0017   0.0262   0.0258   0.0007   0.0005   0.0053   0.0004   0.0000   0.0003   0.0001 
  0.0191   0.1015   0.0167   1.4522   0.0000   1.3645   0.0091   0.0005   0.0046   0.8896   0.0106   0.0302   0.0162   0.0101   0.0024   0.0001   0.0004   0.0030   0.0001   0.0000   0.0002   0.0000 
  1.3710   0.0146   0.0842   0.0145   1.3645   0.0000   0.0038   0.0086   0.0086   0.0038   0.9363   0.0716   0.0715   0.0082   0.0090   0.0002   0.0003   0.0027   0.0001   0.0000   0.0000   0.0000 
  0.8902   0.0049   0.0085   0.0005   0.0091   0.0038   0.0000   0.0027   0.0003   0.0008   0.0025   0.0044   0.0016   0.0004   0.0007   0.0000   0.0000   0.0001   0.0000   0.0000   0.0000   0.0000 
  0.0045   0.8985   0.0036   0.0099   0.0005   0.0086   0.0027   0.0000   0.0007   0.0003   0.0004   0.0002   0.0006   0.0038   0.0009   0.0000   0.0000   0.0006   0.0000   0.0000   0.0000   0.0000 
  0.0005   0.0093   0.0034   0.8989   0.0046   0.0086   0.0003   0.0007   0.0000   0.0027   0.0004   0.0006   0.0002   0.0025   0.0008   0.0001   0.0002   0.0010   0.0001   0.0000   0.0000   0.0000 
  0.0091   0.0005   0.0084   0.0049   0.8896   0.0038   0.0008   0.0003   0.0027   0.0000   0.0024   0.0016   0.0044   0.0005   0.0007   0.0000   0.0000   0.0003   0.0000   0.0000   0.0000   0.0000 
  0.0107   0.0101   0.0055   0.0101   0.0106   0.9363   0.0025   0.0004   0.0004   0.0024   0.0000   1.4833   1.4832   0.0018   0.0004   0.0000   0.0000   0.0005   0.0000   0.0000   0.0000   0.0000 
  0.0166   0.0016   0.0131   0.0044   0.0302   0.0716   0.0044   0.0002   0.0006   0.0016   1.4833   0.0000   0.3790   0.0020   0.0015   0.0000   0.0001   0.0008   0.0000   0.0000   0.0000   0.0000 
  0.0308   0.0044   0.0131   0.0017   0.0162   0.0715   0.0016   0.0006   0.0002   0.0044   1.4832   0.3790   0.0000   0.0020   0.0015   0.0000   0.0001   0.0007   0.0000   0.0000   0.0000   0.0000 
  0.0105   0.0221   1.0144   0.0262   0.0101   0.0082   0.0004   0.0038   0.0025   0.0005   0.0018   0.0020   0.0020   0.0000   2.0397   0.0149   0.0092   0.1461   0.0042   0.0005   0.0004   0.0013 
  0.0019   0.0259   0.0445   0.0258   0.0024   0.0090   0.0007   0.0009   0.0008   0.0007   0.0004   0.0015   0.0015   2.0397   0.0000   0.0086   0.0091   0.8750   0.0174   0.0003   0.0005   0.0021 
  0.0002   0.0004   0.0014   0.0007   0.0001   0.0002   0.0000   0.0000   0.0001   0.0000   0.0000   0.0000   0.0000   0.0149   0.0086   0.0000   1.7516   0.9715   1.0211   0.0080   0.0074   0.0048 
  0.0001   0.0007   0.0009   0.0005   0.0004   0.0003   0.0000   0.0000   0.0002   0.0000   0.0000   0.0001   0.0001   0.0092   0.0091   1.7516   0.0000   0.1444   0.0504   0.0182   0.0174   0.0027 
  0.0008   0.0066   0.0175   0.0053   0.0030   0.0027   0.0001   0.0006   0.0010   0.0003   0.0005   0.0008   0.0007   0.1461   0.8750   0.9715   0.1444   0.0000   0.0182   0.0029   0.0020   0.0081 
  0.0000   0.0001   0.0004   0.0004   0.0001   0.0001   0.0000   0.0000   0.0001   0.0000   0.0000   0.0000   0.0000   0.0042   0.0174   1.0211   0.0504   0.0182   0.0000   0.9014   0.9051   0.9182 
  0.0000   0.0000   0.0001   0.0000   0.0000   0.0000   0.0000   0.0000   0.0000   0.0000   0.0000   0.0000   0.0000   0.0005   0.0003   0.0080   0.0182   0.0029   0.9014   0.0000   0.0013   0.0010 
  0.0000   0.0000   0.0001   0.0003   0.0002   0.0000   0.0000   0.0000   0.0000   0.0000   0.0000   0.0000   0.0000   0.0004   0.0005   0.0074   0.0174   0.0020   0.9051   0.0013   0.0000   0.0010 
  0.0000   0.0000   0.0002   0.0001   0.0000   0.0000   0.0000   0.0000   0.0000   0.0000   0.0000   0.0000   0.0000   0.0013   0.0021   0.0048   0.0027   0.0081   0.9182   0.0010   0.0010   0.0000 

Freq:
   20.7116    24.3315    44.2132    54.4953    70.5918   112.6995   119.7432   196.5959   198.4196   274.1054   291.3137   356.2407   375.0198   412.5149   477.5182   522.4340   525.4581   577.8579   582.9726   603.0601   639.8407   678.6583   698.4337   718.9191   773.3867   796.8606   828.8139   866.9738   873.9918   980.0115   987.5690   990.1877   995.9950  1021.3853  1046.2117  1118.4142  1125.6634  1173.5992  1189.2345  1194.8352  1310.9037  1362.5630  1365.2844  1369.6170  1427.2591  1434.5798  1435.1332  1500.6654  1549.3704  1625.8514  1637.1813  1724.2580  1776.8509  3055.4282  3125.8583  3169.6570  3214.8516  3224.4378  3241.0309  3242.2193 
