Sum of electronic and zero-point Energies=           -774.004292
Sum of electronic and thermal Energies=              -773.990455
Sum of electronic and thermal Enthalpies=            -773.989511
Sum of electronic and thermal Free Energies=         -774.048755

Wiberg:
  0.0000   1.4432   0.0155   0.1031   0.0171   1.3804   0.8913   0.0044   0.0005   0.0093   0.0093   0.0158   0.0299   0.0102   0.0019   0.0002   0.0001   0.0008   0.0000   0.0000   0.0000   0.0000 
  1.4432   0.0000   1.3801   0.0148   0.1023   0.0145   0.0047   0.9041   0.0095   0.0005   0.0097   0.0017   0.0044   0.0231   0.0244   0.0004   0.0008   0.0069   0.0001   0.0000   0.0000   0.0000 
  0.0155   1.3801   0.0000   1.3671   0.0159   0.0876   0.0085   0.0035   0.0034   0.0084   0.0037   0.0114   0.0114   1.0153   0.0438   0.0014   0.0009   0.0184   0.0004   0.0000   0.0001   0.0002 
  0.1031   0.0148   1.3671   0.0000   1.4506   0.0144   0.0005   0.0101   0.9052   0.0047   0.0097   0.0044   0.0017   0.0270   0.0246   0.0006   0.0006   0.0053   0.0003   0.0000   0.0003   0.0001 
  0.0171   0.1023   0.0159   1.4506   0.0000   1.3728   0.0093   0.0005   0.0045   0.8909   0.0091   0.0294   0.0155   0.0098   0.0024   0.0001   0.0004   0.0029   0.0001   0.0000   0.0002   0.0000 
  1.3804   0.0145   0.0876   0.0144   1.3728   0.0000   0.0038   0.0088   0.0087   0.0038   0.9236   0.0714   0.0713   0.0090   0.0080   0.0002   0.0004   0.0029   0.0001   0.0000   0.0000   0.0000 
  0.8913   0.0047   0.0085   0.0005   0.0093   0.0038   0.0000   0.0027   0.0003   0.0007   0.0025   0.0053   0.0018   0.0003   0.0007   0.0000   0.0000   0.0001   0.0000   0.0000   0.0000   0.0000 
  0.0044   0.9041   0.0035   0.0101   0.0005   0.0088   0.0027   0.0000   0.0007   0.0003   0.0004   0.0002   0.0006   0.0040   0.0010   0.0000   0.0000   0.0006   0.0000   0.0000   0.0000   0.0000 
  0.0005   0.0095   0.0034   0.9052   0.0045   0.0087   0.0003   0.0007   0.0000   0.0026   0.0004   0.0006   0.0002   0.0025   0.0009   0.0001   0.0002   0.0010   0.0001   0.0000   0.0000   0.0000 
  0.0093   0.0005   0.0084   0.0047   0.8909   0.0038   0.0007   0.0003   0.0026   0.0000   0.0025   0.0018   0.0053   0.0005   0.0007   0.0000   0.0000   0.0003   0.0000   0.0000   0.0000   0.0000 
  0.0093   0.0097   0.0037   0.0097   0.0091   0.9236   0.0025   0.0004   0.0004   0.0025   0.0000   1.4944   1.4938   0.0015   0.0003   0.0000   0.0000   0.0003   0.0000   0.0000   0.0000   0.0000 
  0.0158   0.0017   0.0114   0.0044   0.0294   0.0714   0.0053   0.0002   0.0006   0.0018   1.4944   0.0000   0.3960   0.0018   0.0011   0.0000   0.0001   0.0007   0.0000   0.0000   0.0000   0.0000 
  0.0299   0.0044   0.0114   0.0017   0.0155   0.0713   0.0018   0.0006   0.0002   0.0053   1.4938   0.3960   0.0000   0.0019   0.0012   0.0000   0.0001   0.0006   0.0000   0.0000   0.0000   0.0000 
  0.0102   0.0231   1.0153   0.0270   0.0098   0.0090   0.0003   0.0040   0.0025   0.0005   0.0015   0.0018   0.0019   0.0000   2.0381   0.0142   0.0097   0.1462   0.0040   0.0004   0.0003   0.0013 
  0.0019   0.0244   0.0438   0.0246   0.0024   0.0080   0.0007   0.0010   0.0009   0.0007   0.0003   0.0011   0.0012   2.0381   0.0000   0.0085   0.0093   0.8821   0.0167   0.0003   0.0006   0.0019 
  0.0002   0.0004   0.0014   0.0006   0.0001   0.0002   0.0000   0.0000   0.0001   0.0000   0.0000   0.0000   0.0000   0.0142   0.0085   0.0000   1.8077   0.9439   1.0120   0.0068   0.0062   0.0046 
  0.0001   0.0008   0.0009   0.0006   0.0004   0.0004   0.0000   0.0000   0.0002   0.0000   0.0000   0.0001   0.0001   0.0097   0.0093   1.8077   0.0000   0.1464   0.0521   0.0186   0.0177   0.0029 
  0.0008   0.0069   0.0184   0.0053   0.0029   0.0029   0.0001   0.0006   0.0010   0.0003   0.0003   0.0007   0.0006   0.1462   0.8821   0.9439   0.1464   0.0000   0.0184   0.0027   0.0017   0.0082 
  0.0000   0.0001   0.0004   0.0003   0.0001   0.0001   0.0000   0.0000   0.0001   0.0000   0.0000   0.0000   0.0000   0.0040   0.0167   1.0120   0.0521   0.0184   0.0000   0.9080   0.9127   0.9192 
  0.0000   0.0000   0.0000   0.0000   0.0000   0.0000   0.0000   0.0000   0.0000   0.0000   0.0000   0.0000   0.0000   0.0004   0.0003   0.0068   0.0186   0.0027   0.9080   0.0000   0.0012   0.0010 
  0.0000   0.0000   0.0001   0.0003   0.0002   0.0000   0.0000   0.0000   0.0000   0.0000   0.0000   0.0000   0.0000   0.0003   0.0006   0.0062   0.0177   0.0017   0.9127   0.0012   0.0000   0.0009 
  0.0000   0.0000   0.0002   0.0001   0.0000   0.0000   0.0000   0.0000   0.0000   0.0000   0.0000   0.0000   0.0000   0.0013   0.0019   0.0046   0.0029   0.0082   0.9192   0.0010   0.0009   0.0000 

Freq:
   16.3420    21.4981    44.2808    60.4951    77.7688   113.0171   118.6633   193.9779   198.8575   277.7390   294.0429   357.9925   378.2539   415.7546   478.5218   524.1944   545.6729   575.7843   578.8479   602.6146   641.3613   678.5000   706.7252   720.6440   773.8272   795.9305   832.9954   867.1108   873.4778   976.1543   984.7611   989.1698   993.3113  1023.7793  1046.7366  1119.4637  1120.2371  1174.3673  1188.2847  1195.0444  1306.4535  1361.9974  1373.1741  1381.0443  1435.8168  1440.0876  1447.9781  1502.4359  1588.7262  1630.1053  1647.0808  1724.3233  1829.1213  3052.3429  3121.3166  3167.3954  3206.7154  3213.3214  3233.9452  3235.0284 
