Sum of electronic and zero-point Energies=          -1005.804295
Sum of electronic and thermal Energies=             -1005.793243
Sum of electronic and thermal Enthalpies=           -1005.792299
Sum of electronic and thermal Free Energies=        -1005.844621

Wiberg:
  0.0000   1.4422   0.0152   0.1050   0.0160   1.3834   0.8822   0.0050   0.0004   0.0090   0.0095   0.0283   0.0146   0.0102   0.0018   0.0005 
  1.4422   0.0000   1.3424   0.0288   0.1046   0.0191   0.0049   0.8901   0.0076   0.0004   0.0087   0.0023   0.0025   0.0150   0.0522   0.0028 
  0.0152   1.3424   0.0000   1.3274   0.0157   0.0750   0.0084   0.0039   0.0041   0.0084   0.0029   0.0087   0.0088   1.0269   0.0813   0.0054 
  0.1050   0.0288   1.3274   0.0000   1.4410   0.0196   0.0005   0.0082   0.8702   0.0051   0.0086   0.0025   0.0022   0.0143   0.0561   0.0206 
  0.0160   0.1046   0.0157   1.4410   0.0000   1.3823   0.0090   0.0004   0.0055   0.8809   0.0094   0.0145   0.0282   0.0106   0.0042   0.0013 
  1.3834   0.0191   0.0750   0.0196   1.3823   0.0000   0.0039   0.0083   0.0080   0.0038   0.9088   0.0676   0.0677   0.0063   0.0307   0.0020 
  0.8822   0.0049   0.0084   0.0005   0.0090   0.0039   0.0000   0.0027   0.0002   0.0007   0.0026   0.0017   0.0045   0.0004   0.0005   0.0000 
  0.0050   0.8901   0.0039   0.0082   0.0004   0.0083   0.0027   0.0000   0.0007   0.0002   0.0004   0.0006   0.0002   0.0023   0.0007   0.0004 
  0.0004   0.0076   0.0041   0.8702   0.0055   0.0080   0.0002   0.0007   0.0000   0.0024   0.0003   0.0002   0.0005   0.0019   0.0004   0.0170 
  0.0090   0.0004   0.0084   0.0051   0.8809   0.0038   0.0007   0.0002   0.0024   0.0000   0.0026   0.0045   0.0017   0.0004   0.0010   0.0009 
  0.0095   0.0087   0.0029   0.0086   0.0094   0.9088   0.0026   0.0004   0.0003   0.0026   0.0000   1.5020   1.5020   0.0006   0.0005   0.0002 
  0.0283   0.0023   0.0087   0.0025   0.0145   0.0676   0.0017   0.0006   0.0002   0.0045   1.5020   0.0000   0.4021   0.0005   0.0034   0.0004 
  0.0146   0.0025   0.0088   0.0022   0.0282   0.0677   0.0045   0.0002   0.0005   0.0017   1.5020   0.4021   0.0000   0.0005   0.0034   0.0003 
  0.0102   0.0150   1.0269   0.0143   0.0106   0.0063   0.0004   0.0023   0.0019   0.0004   0.0006   0.0005   0.0005   0.0000   2.5807   0.1286 
  0.0018   0.0522   0.0813   0.0561   0.0042   0.0307   0.0005   0.0007   0.0004   0.0010   0.0005   0.0034   0.0034   2.5807   0.0000   0.2249 
  0.0005   0.0028   0.0054   0.0206   0.0013   0.0020   0.0000   0.0004   0.0170   0.0009   0.0002   0.0004   0.0003   0.1286   0.2249   0.0000 

Freq:
   20.8563    33.0910    61.0318    88.8316   112.1798   187.5013   233.1647   268.7006   333.3787   412.0822   431.3681   478.5520   537.4340   542.5800   573.9824   636.6527   689.6810   770.7605   779.1978   839.4828   865.6156   892.2408  1002.6270  1021.2222  1022.7483  1106.2296  1121.1724  1129.4515  1189.3579  1308.3560  1369.2161  1381.7223  1438.1042  1488.1233  1574.6225  1620.6868  1638.9625  2216.3039  3194.1386  3236.5581  3245.6403  3250.1604 
