Sum of electronic and zero-point Energies=          -1071.780664
Sum of electronic and thermal Energies=             -1071.764517
Sum of electronic and thermal Enthalpies=           -1071.763573
Sum of electronic and thermal Free Energies=        -1071.829065

Wiberg:
  0.0000   1.4317   0.0163   0.1060   0.0156   1.3897   0.8841   0.0059   0.0005   0.0092   0.0087   0.0147   0.0286   0.0099   0.0036   0.0004   0.0019   0.0004   0.0001   0.0001   0.0000   0.0000 
  1.4317   0.0000   1.3581   0.0210   0.1054   0.0165   0.0049   0.8700   0.0091   0.0005   0.0088   0.0022   0.0028   0.0151   0.0426   0.0032   0.0143   0.0088   0.0025   0.0004   0.0004   0.0002 
  0.0163   1.3581   0.0000   1.3648   0.0150   0.0829   0.0084   0.0048   0.0037   0.0084   0.0025   0.0091   0.0093   1.0018   0.0572   0.0012   0.0145   0.0031   0.0020   0.0002   0.0004   0.0002 
  0.1060   0.0210   1.3648   0.0000   1.4438   0.0150   0.0005   0.0081   0.9015   0.0047   0.0089   0.0032   0.0021   0.0141   0.0389   0.0004   0.0056   0.0010   0.0003   0.0000   0.0001   0.0001 
  0.0156   0.1054   0.0150   1.4438   0.0000   1.3835   0.0092   0.0004   0.0048   0.8869   0.0085   0.0285   0.0146   0.0103   0.0017   0.0001   0.0007   0.0001   0.0001   0.0000   0.0000   0.0000 
  1.3897   0.0165   0.0829   0.0150   1.3835   0.0000   0.0038   0.0080   0.0086   0.0039   0.9086   0.0700   0.0698   0.0038   0.0202   0.0002   0.0043   0.0009   0.0003   0.0000   0.0001   0.0000 
  0.8841   0.0049   0.0084   0.0005   0.0092   0.0038   0.0000   0.0023   0.0003   0.0007   0.0026   0.0053   0.0018   0.0003   0.0008   0.0001   0.0005   0.0004   0.0001   0.0000   0.0000   0.0000 
  0.0059   0.8700   0.0048   0.0081   0.0004   0.0080   0.0023   0.0000   0.0007   0.0002   0.0003   0.0002   0.0005   0.0022   0.0006   0.0028   0.0021   0.0184   0.0024   0.0004   0.0002   0.0003 
  0.0005   0.0091   0.0037   0.9015   0.0048   0.0086   0.0003   0.0007   0.0000   0.0026   0.0004   0.0007   0.0002   0.0025   0.0007   0.0000   0.0008   0.0002   0.0001   0.0000   0.0000   0.0000 
  0.0092   0.0005   0.0084   0.0047   0.8869   0.0039   0.0007   0.0002   0.0026   0.0000   0.0026   0.0018   0.0054   0.0004   0.0005   0.0000   0.0000   0.0000   0.0000   0.0000   0.0000   0.0000 
  0.0087   0.0088   0.0025   0.0089   0.0085   0.9086   0.0026   0.0003   0.0004   0.0026   0.0000   1.5069   1.5013   0.0008   0.0003   0.0000   0.0002   0.0001   0.0000   0.0000   0.0000   0.0000 
  0.0147   0.0022   0.0091   0.0032   0.0285   0.0700   0.0053   0.0002   0.0007   0.0018   1.5069   0.0000   0.4096   0.0005   0.0022   0.0000   0.0008   0.0001   0.0001   0.0000   0.0000   0.0000 
  0.0286   0.0028   0.0093   0.0021   0.0146   0.0698   0.0018   0.0005   0.0002   0.0054   1.5013   0.4096   0.0000   0.0004   0.0022   0.0000   0.0007   0.0001   0.0000   0.0000   0.0000   0.0000 
  0.0099   0.0151   1.0018   0.0141   0.0103   0.0038   0.0003   0.0022   0.0025   0.0004   0.0008   0.0005   0.0004   0.0000   2.4216   0.0054   0.1541   0.0109   0.0101   0.0004   0.0022   0.0009 
  0.0036   0.0426   0.0572   0.0389   0.0017   0.0202   0.0008   0.0006   0.0007   0.0005   0.0003   0.0022   0.0022   2.4216   0.0000   0.0091   0.4023   0.0212   0.0232   0.0012   0.0041   0.0022 
  0.0004   0.0032   0.0012   0.0004   0.0001   0.0002   0.0001   0.0028   0.0000   0.0000   0.0000   0.0000   0.0000   0.0054   0.0091   0.0000   1.2696   1.6122   0.8743   0.0251   0.0248   0.0253 
  0.0019   0.0143   0.0145   0.0056   0.0007   0.0043   0.0005   0.0021   0.0008   0.0000   0.0002   0.0008   0.0007   0.1541   0.4023   1.2696   0.0000   0.2030   0.0292   0.0064   0.0079   0.0058 
  0.0004   0.0088   0.0031   0.0010   0.0001   0.0009   0.0004   0.0184   0.0002   0.0000   0.0001   0.0001   0.0001   0.0109   0.0212   1.6122   0.2030   0.0000   0.0635   0.0111   0.0044   0.0120 
  0.0001   0.0025   0.0020   0.0003   0.0001   0.0003   0.0001   0.0024   0.0001   0.0000   0.0000   0.0001   0.0000   0.0101   0.0232   0.8743   0.0292   0.0635   0.0000   0.8565   0.8779   0.8627 
  0.0001   0.0004   0.0002   0.0000   0.0000   0.0000   0.0000   0.0004   0.0000   0.0000   0.0000   0.0000   0.0000   0.0004   0.0012   0.0251   0.0064   0.0111   0.8565   0.0000   0.0494   0.0505 
  0.0000   0.0004   0.0004   0.0001   0.0000   0.0001   0.0000   0.0002   0.0000   0.0000   0.0000   0.0000   0.0000   0.0022   0.0041   0.0248   0.0079   0.0044   0.8779   0.0494   0.0000   0.0497 
  0.0000   0.0002   0.0002   0.0001   0.0000   0.0000   0.0000   0.0003   0.0000   0.0000   0.0000   0.0000   0.0000   0.0009   0.0022   0.0253   0.0058   0.0120   0.8627   0.0505   0.0497   0.0000 

Freq:
   11.7472    21.2020    35.9985    58.5782    61.7498    72.5241    81.4798   118.3575   151.9400   218.6041   255.0806   262.0502   279.5269   334.9091   358.3073   398.6944   418.6352   436.1278   450.2195   506.6944   517.9897   551.5605   566.0064   576.8470   595.4315   643.1123   691.6530   711.8614   768.4614   779.2390   788.2367   836.9229   846.1807   867.1827   897.8925   991.5955  1019.2324  1024.6375  1113.0321  1120.2747  1128.5246  1143.5647  1166.8717  1186.5171  1192.8790  1309.9976  1360.2377  1368.1810  1384.4570  1439.6536  1496.8650  1601.1299  1623.8658  1651.2376  1702.6059  2060.5100  3183.8907  3215.2845  3234.8292  3239.7482 
