Sum of electronic and zero-point Energies=           -825.897137
Sum of electronic and thermal Energies=              -825.883093
Sum of electronic and thermal Enthalpies=            -825.882149
Sum of electronic and thermal Free Energies=         -825.945071

Wiberg:
  0.0000   1.4326   0.0158   0.1050   0.0155   1.3898   0.8796   0.0066   0.0004   0.0089   0.0094   0.0144   0.0281   0.0110   0.0035   0.0012   0.0001   0.0003   0.0003 
  1.4326   0.0000   1.3219   0.0358   0.1027   0.0230   0.0052   0.8446   0.0078   0.0005   0.0085   0.0029   0.0020   0.0175   0.0622   0.0056   0.0008   0.0022   0.0142 
  0.0158   1.3219   0.0000   1.3146   0.0156   0.0711   0.0085   0.0056   0.0039   0.0083   0.0025   0.0079   0.0080   1.0321   0.1008   0.0018   0.0002   0.0005   0.0008 
  0.1050   0.0358   1.3146   0.0000   1.4510   0.0208   0.0005   0.0072   0.8884   0.0050   0.0085   0.0021   0.0028   0.0168   0.0599   0.0006   0.0000   0.0001   0.0005 
  0.0155   0.1027   0.0156   1.4510   0.0000   1.3766   0.0091   0.0004   0.0053   0.8789   0.0092   0.0274   0.0139   0.0112   0.0044   0.0002   0.0000   0.0001   0.0001 
  1.3898   0.0230   0.0711   0.0208   1.3766   0.0000   0.0038   0.0076   0.0082   0.0040   0.9050   0.0674   0.0673   0.0084   0.0345   0.0002   0.0000   0.0001   0.0004 
  0.8796   0.0052   0.0085   0.0005   0.0091   0.0038   0.0000   0.0021   0.0002   0.0007   0.0027   0.0046   0.0017   0.0005   0.0011   0.0002   0.0000   0.0001   0.0006 
  0.0066   0.8446   0.0056   0.0072   0.0004   0.0076   0.0021   0.0000   0.0007   0.0002   0.0003   0.0002   0.0005   0.0017   0.0004   0.0062   0.0018   0.0052   0.0330 
  0.0004   0.0078   0.0039   0.8884   0.0053   0.0082   0.0002   0.0007   0.0000   0.0027   0.0004   0.0006   0.0002   0.0020   0.0005   0.0001   0.0000   0.0000   0.0001 
  0.0089   0.0005   0.0083   0.0050   0.8789   0.0040   0.0007   0.0002   0.0027   0.0000   0.0027   0.0017   0.0045   0.0006   0.0011   0.0000   0.0000   0.0000   0.0000 
  0.0094   0.0085   0.0025   0.0085   0.0092   0.9050   0.0027   0.0003   0.0004   0.0027   0.0000   1.5049   1.5041   0.0006   0.0004   0.0001   0.0000   0.0000   0.0001 
  0.0144   0.0029   0.0079   0.0021   0.0274   0.0674   0.0046   0.0002   0.0006   0.0017   1.5049   0.0000   0.4061   0.0007   0.0036   0.0000   0.0000   0.0000   0.0000 
  0.0281   0.0020   0.0080   0.0028   0.0139   0.0673   0.0017   0.0005   0.0002   0.0045   1.5041   0.4061   0.0000   0.0007   0.0037   0.0000   0.0000   0.0000   0.0000 
  0.0110   0.0175   1.0321   0.0168   0.0112   0.0084   0.0005   0.0017   0.0020   0.0006   0.0006   0.0007   0.0007   0.0000   2.7340   0.0057   0.0005   0.0008   0.0013 
  0.0035   0.0622   0.1008   0.0599   0.0044   0.0345   0.0011   0.0004   0.0005   0.0011   0.0004   0.0036   0.0037   2.7340   0.0000   0.0087   0.0005   0.0007   0.0012 
  0.0012   0.0056   0.0018   0.0006   0.0002   0.0002   0.0002   0.0062   0.0001   0.0000   0.0001   0.0000   0.0000   0.0057   0.0087   0.0000   1.3381   0.2374   0.2277 
  0.0001   0.0008   0.0002   0.0000   0.0000   0.0000   0.0000   0.0018   0.0000   0.0000   0.0000   0.0000   0.0000   0.0005   0.0005   1.3381   0.0000   1.3806   1.3427 
  0.0003   0.0022   0.0005   0.0001   0.0001   0.0001   0.0001   0.0052   0.0000   0.0000   0.0000   0.0000   0.0000   0.0008   0.0007   0.2374   1.3806   0.0000   0.2380 
  0.0003   0.0142   0.0008   0.0005   0.0001   0.0004   0.0006   0.0330   0.0001   0.0000   0.0001   0.0000   0.0000   0.0013   0.0012   0.2277   1.3427   0.2380   0.0000 

Freq:
    3.3363    20.8377    31.6591    49.9008    63.8280    71.6852    85.8420   102.0953   144.2220   225.0269   257.8526   330.4483   408.5142   436.3452   497.2325   547.1625   553.2648   571.3583   641.1102   683.8828   705.7195   709.9333   765.2305   774.7956   828.0248   840.3880   865.4941   902.4443   998.2309  1018.3493  1037.7903  1080.9531  1104.7407  1119.7775  1134.7120  1198.5496  1319.0269  1349.9204  1372.0788  1382.7280  1386.1353  1441.4664  1485.9226  1577.4873  1616.5878  1636.5312  2387.1913  3124.3126  3236.8471  3246.2973  3250.3616 
