Sum of electronic and zero-point Energies=           -645.409321
Sum of electronic and thermal Energies=              -645.398908
Sum of electronic and thermal Enthalpies=            -645.397964
Sum of electronic and thermal Free Energies=         -645.447208

Wiberg:
  0.0000   1.4403   0.0144   0.1059   0.0174   1.3832   0.8856   0.0048   0.0004   0.0090   0.0099   0.0290   0.0153   0.0098   0.0008   0.0004 
  1.4403   0.0000   1.3565   0.0220   0.1042   0.0173   0.0049   0.8941   0.0080   0.0004   0.0090   0.0025   0.0021   0.0155   0.0509   0.0027 
  0.0144   1.3565   0.0000   1.3389   0.0160   0.0776   0.0085   0.0039   0.0040   0.0086   0.0035   0.0098   0.0099   1.0306   0.0670   0.0098 
  0.1059   0.0220   1.3389   0.0000   1.4435   0.0179   0.0004   0.0088   0.8741   0.0050   0.0089   0.0021   0.0024   0.0127   0.0498   0.0212 
  0.0174   0.1042   0.0160   1.4435   0.0000   1.3777   0.0090   0.0005   0.0053   0.8845   0.0098   0.0150   0.0286   0.0098   0.0030   0.0024 
  1.3832   0.0173   0.0776   0.0179   1.3777   0.0000   0.0039   0.0084   0.0080   0.0038   0.9143   0.0679   0.0681   0.0047   0.0280   0.0020 
  0.8856   0.0049   0.0085   0.0004   0.0090   0.0039   0.0000   0.0027   0.0002   0.0008   0.0026   0.0016   0.0044   0.0004   0.0003   0.0000 
  0.0048   0.8941   0.0039   0.0088   0.0005   0.0084   0.0027   0.0000   0.0007   0.0003   0.0004   0.0006   0.0002   0.0027   0.0010   0.0005 
  0.0004   0.0080   0.0040   0.8741   0.0053   0.0080   0.0002   0.0007   0.0000   0.0025   0.0003   0.0002   0.0005   0.0020   0.0011   0.0106 
  0.0090   0.0004   0.0086   0.0050   0.8845   0.0038   0.0008   0.0003   0.0025   0.0000   0.0026   0.0045   0.0017   0.0003   0.0008   0.0007 
  0.0099   0.0090   0.0035   0.0089   0.0098   0.9143   0.0026   0.0004   0.0003   0.0026   0.0000   1.4980   1.4978   0.0005   0.0006   0.0002 
  0.0290   0.0025   0.0098   0.0021   0.0150   0.0679   0.0016   0.0006   0.0002   0.0045   1.4980   0.0000   0.3963   0.0003   0.0035   0.0004 
  0.0153   0.0021   0.0099   0.0024   0.0286   0.0681   0.0044   0.0002   0.0005   0.0017   1.4978   0.3963   0.0000   0.0003   0.0033   0.0003 
  0.0098   0.0155   1.0306   0.0127   0.0098   0.0047   0.0004   0.0027   0.0020   0.0003   0.0005   0.0003   0.0003   0.0000   2.4130   0.1794 
  0.0008   0.0509   0.0670   0.0498   0.0030   0.0280   0.0003   0.0010   0.0011   0.0008   0.0006   0.0035   0.0033   2.4130   0.0000   0.4193 
  0.0004   0.0027   0.0098   0.0212   0.0024   0.0020   0.0000   0.0005   0.0106   0.0007   0.0002   0.0004   0.0003   0.1794   0.4193   0.0000 

Freq:
   31.5700    47.4135    95.3760   123.1880   171.7610   242.9994   254.2151   333.7131   378.6160   417.2015   438.3812   520.5579   563.5332   571.4025   596.0528   649.5794   695.7181   773.9816   783.9203   841.3630   867.2268   893.8676  1000.3391  1021.1692  1024.9397  1109.2296  1115.2599  1143.3711  1187.5909  1303.2527  1365.8312  1379.3198  1436.2493  1490.3453  1567.9808  1623.5353  1639.3225  2055.7757  3227.7395  3235.5734  3244.4485  3249.2709 
