Sum of electronic and zero-point Energies=           -970.063127
Sum of electronic and thermal Energies=              -970.047625
Sum of electronic and thermal Enthalpies=            -970.046680
Sum of electronic and thermal Free Energies=         -970.111275

Wiberg:
  0.0000   1.4408   0.0157   0.1039   0.0151   1.3844   0.8782   0.0058   0.0004   0.0090   0.0092   0.0141   0.0277   0.0110   0.0038   0.0002   0.0006   0.0001   0.0007   0.0001 
  1.4408   0.0000   1.3182   0.0360   0.1029   0.0223   0.0049   0.8750   0.0077   0.0005   0.0085   0.0029   0.0020   0.0169   0.0618   0.0007   0.0063   0.0004   0.0015   0.0003 
  0.0157   1.3182   0.0000   1.3186   0.0157   0.0718   0.0084   0.0045   0.0038   0.0083   0.0024   0.0079   0.0079   1.0352   0.1005   0.0003   0.0008   0.0001   0.0011   0.0002 
  0.1039   0.0360   1.3186   0.0000   1.4457   0.0213   0.0005   0.0074   0.8874   0.0049   0.0085   0.0021   0.0029   0.0168   0.0609   0.0001   0.0001   0.0000   0.0006   0.0000 
  0.0151   0.1029   0.0157   1.4457   0.0000   1.3818   0.0090   0.0004   0.0053   0.8782   0.0092   0.0277   0.0140   0.0112   0.0042   0.0001   0.0001   0.0000   0.0002   0.0000 
  1.3844   0.0223   0.0718   0.0213   1.3818   0.0000   0.0039   0.0080   0.0082   0.0040   0.9047   0.0675   0.0675   0.0084   0.0347   0.0000   0.0002   0.0000   0.0002   0.0000 
  0.8782   0.0049   0.0084   0.0005   0.0090   0.0039   0.0000   0.0025   0.0002   0.0007   0.0027   0.0046   0.0017   0.0005   0.0011   0.0000   0.0001   0.0000   0.0000   0.0000 
  0.0058   0.8750   0.0045   0.0074   0.0004   0.0080   0.0025   0.0000   0.0008   0.0002   0.0003   0.0002   0.0005   0.0017   0.0004   0.0005   0.0097   0.0011   0.0006   0.0006 
  0.0004   0.0077   0.0038   0.8874   0.0053   0.0082   0.0002   0.0008   0.0000   0.0027   0.0004   0.0006   0.0002   0.0020   0.0005   0.0000   0.0000   0.0000   0.0000   0.0000 
  0.0090   0.0005   0.0083   0.0049   0.8782   0.0040   0.0007   0.0002   0.0027   0.0000   0.0027   0.0017   0.0046   0.0006   0.0011   0.0000   0.0000   0.0000   0.0000   0.0000 
  0.0092   0.0085   0.0024   0.0085   0.0092   0.9047   0.0027   0.0003   0.0004   0.0027   0.0000   1.5052   1.5049   0.0006   0.0003   0.0000   0.0000   0.0000   0.0000   0.0000 
  0.0141   0.0029   0.0079   0.0021   0.0277   0.0675   0.0046   0.0002   0.0006   0.0017   1.5052   0.0000   0.4071   0.0007   0.0036   0.0000   0.0000   0.0000   0.0000   0.0000 
  0.0277   0.0020   0.0079   0.0029   0.0140   0.0675   0.0017   0.0005   0.0002   0.0046   1.5049   0.4071   0.0000   0.0007   0.0037   0.0000   0.0000   0.0000   0.0000   0.0000 
  0.0110   0.0169   1.0352   0.0168   0.0112   0.0084   0.0005   0.0017   0.0020   0.0006   0.0006   0.0007   0.0007   0.0000   2.7370   0.0006   0.0021   0.0002   0.0023   0.0003 
  0.0038   0.0618   0.1005   0.0609   0.0042   0.0347   0.0011   0.0004   0.0005   0.0011   0.0003   0.0036   0.0037   2.7370   0.0000   0.0005   0.0020   0.0002   0.0016   0.0003 
  0.0002   0.0007   0.0003   0.0001   0.0001   0.0000   0.0000   0.0005   0.0000   0.0000   0.0000   0.0000   0.0000   0.0006   0.0005   0.0000   0.5994   0.6281   0.6086   0.6269 
  0.0006   0.0063   0.0008   0.0001   0.0001   0.0002   0.0001   0.0097   0.0000   0.0000   0.0000   0.0000   0.0000   0.0021   0.0020   0.5994   0.0000   0.0180   0.0190   0.0185 
  0.0001   0.0004   0.0001   0.0000   0.0000   0.0000   0.0000   0.0011   0.0000   0.0000   0.0000   0.0000   0.0000   0.0002   0.0002   0.6281   0.0180   0.0000   0.0185   0.0185 
  0.0007   0.0015   0.0011   0.0006   0.0002   0.0002   0.0000   0.0006   0.0000   0.0000   0.0000   0.0000   0.0000   0.0023   0.0016   0.6086   0.0190   0.0185   0.0000   0.0186 
  0.0001   0.0003   0.0002   0.0000   0.0000   0.0000   0.0000   0.0006   0.0000   0.0000   0.0000   0.0000   0.0000   0.0003   0.0003   0.6269   0.0185   0.0185   0.0186   0.0000 

Freq:
   16.7596    18.8660    30.6381    44.8436    45.9782    65.8314    76.4099    94.4726   144.5856   223.9594   259.6542   325.2206   330.1733   331.5104   405.5815   431.3647   477.3378   478.0514   484.0714   500.8158   546.0608   555.0362   569.5682   642.6183   674.5861   727.3461   761.3597   775.5800   830.7785   864.9927   885.4669   972.5457   994.3669  1000.9592  1012.9040  1020.6348  1029.3036  1105.3429  1123.8621  1126.6920  1191.0281  1310.7168  1371.0183  1383.6417  1441.3379  1480.6705  1579.1411  1618.4235  1637.4014  2392.4784  3232.9576  3234.0374  3248.8292  3250.3278 
