Sum of electronic and zero-point Energies=           -621.373110
Sum of electronic and thermal Energies=              -621.363117
Sum of electronic and thermal Enthalpies=            -621.362173
Sum of electronic and thermal Free Energies=         -621.410460

Wiberg:
  0.0000   1.4457   0.0153   0.1024   0.0176   1.3782   0.8924   0.0043   0.0005   0.0093   0.0094   0.0160   0.0300   0.0102   0.0019   0.0008   0.0002 
  1.4457   0.0000   1.3789   0.0143   0.1014   0.0146   0.0047   0.9051   0.0097   0.0005   0.0099   0.0017   0.0046   0.0241   0.0242   0.0075   0.0001 
  0.0153   1.3789   0.0000   1.3669   0.0160   0.0875   0.0086   0.0036   0.0034   0.0085   0.0039   0.0118   0.0118   1.0255   0.0447   0.0171   0.0010 
  0.1024   0.0143   1.3669   0.0000   1.4529   0.0145   0.0005   0.0103   0.9060   0.0048   0.0098   0.0046   0.0017   0.0279   0.0234   0.0056   0.0001 
  0.0176   0.1014   0.0160   1.4529   0.0000   1.3706   0.0093   0.0005   0.0044   0.8920   0.0093   0.0295   0.0157   0.0102   0.0023   0.0028   0.0001 
  1.3782   0.0146   0.0875   0.0145   1.3706   0.0000   0.0038   0.0088   0.0088   0.0037   0.9261   0.0716   0.0715   0.0095   0.0079   0.0031   0.0000 
  0.8924   0.0047   0.0086   0.0005   0.0093   0.0038   0.0000   0.0027   0.0003   0.0007   0.0025   0.0052   0.0017   0.0003   0.0007   0.0001   0.0000 
  0.0043   0.9051   0.0036   0.0103   0.0005   0.0088   0.0027   0.0000   0.0007   0.0003   0.0004   0.0002   0.0006   0.0044   0.0012   0.0005   0.0000 
  0.0005   0.0097   0.0034   0.9060   0.0044   0.0088   0.0003   0.0007   0.0000   0.0027   0.0004   0.0006   0.0002   0.0027   0.0016   0.0010   0.0000 
  0.0093   0.0005   0.0085   0.0048   0.8920   0.0037   0.0007   0.0003   0.0027   0.0000   0.0025   0.0018   0.0052   0.0006   0.0006   0.0003   0.0000 
  0.0094   0.0099   0.0039   0.0098   0.0093   0.9261   0.0025   0.0004   0.0004   0.0025   0.0000   1.4923   1.4920   0.0016   0.0003   0.0003   0.0000 
  0.0160   0.0017   0.0118   0.0046   0.0295   0.0716   0.0052   0.0002   0.0006   0.0018   1.4923   0.0000   0.3935   0.0020   0.0012   0.0007   0.0000 
  0.0300   0.0046   0.0118   0.0017   0.0157   0.0715   0.0017   0.0006   0.0002   0.0052   1.4920   0.3935   0.0000   0.0021   0.0012   0.0006   0.0000 
  0.0102   0.0241   1.0255   0.0279   0.0102   0.0095   0.0003   0.0044   0.0027   0.0006   0.0016   0.0020   0.0021   0.0000   1.9559   0.1884   0.0098 
  0.0019   0.0242   0.0447   0.0234   0.0023   0.0079   0.0007   0.0012   0.0016   0.0006   0.0003   0.0012   0.0012   1.9559   0.0000   1.0068   0.0017 
  0.0008   0.0075   0.0171   0.0056   0.0028   0.0031   0.0001   0.0005   0.0010   0.0003   0.0003   0.0007   0.0006   0.1884   1.0068   0.0000   0.7386 
  0.0002   0.0001   0.0010   0.0001   0.0001   0.0000   0.0000   0.0000   0.0000   0.0000   0.0000   0.0000   0.0000   0.0098   0.0017   0.7386   0.0000 

Freq:
   25.2088    58.9903    77.9397   163.3417   200.0851   278.2025   324.8333   358.4647   416.1501   469.3927   506.0552   528.3731   579.1842   614.1487   647.6825   697.9928   733.4703   774.4041   786.0614   832.4093   845.3805   868.3249   910.8575   985.3815   991.0651  1023.4002  1119.3369  1120.5404  1173.1690  1194.4625  1306.1119  1328.0028  1362.6115  1379.8827  1436.0353  1503.5790  1585.7091  1630.3048  1645.6296  1704.0719  3204.7804  3214.2662  3233.7052  3234.4216  3779.4171 
