Sum of electronic and zero-point Energies=          -1507.069612
Sum of electronic and thermal Energies=             -1507.051196
Sum of electronic and thermal Enthalpies=           -1507.050252
Sum of electronic and thermal Free Energies=        -1507.122951

Wiberg:
  0.0000   1.4358   0.0157   0.1045   0.0153   1.3879   0.8789   0.0065   0.0004   0.0089   0.0093   0.0279   0.0142   0.0110   0.0039   0.0001   0.0001   0.0003   0.0001   0.0007   0.0002   0.0000   0.0000 
  1.4358   0.0000   1.3201   0.0362   0.1028   0.0226   0.0051   0.8585   0.0077   0.0005   0.0085   0.0020   0.0030   0.0173   0.0622   0.0012   0.0007   0.0103   0.0015   0.0029   0.0004   0.0001   0.0001 
  0.0157   1.3201   0.0000   1.3168   0.0156   0.0714   0.0084   0.0053   0.0039   0.0083   0.0025   0.0080   0.0078   1.0328   0.1005   0.0002   0.0001   0.0007   0.0003   0.0012   0.0001   0.0000   0.0000 
  0.1045   0.0362   1.3168   0.0000   1.4490   0.0212   0.0005   0.0074   0.8878   0.0050   0.0085   0.0029   0.0021   0.0166   0.0599   0.0000   0.0000   0.0003   0.0000   0.0003   0.0000   0.0000   0.0000 
  0.0153   0.1028   0.0156   1.4490   0.0000   1.3788   0.0090   0.0004   0.0053   0.8785   0.0091   0.0139   0.0275   0.0111   0.0042   0.0000   0.0000   0.0001   0.0000   0.0002   0.0000   0.0000   0.0000 
  1.3879   0.0226   0.0714   0.0212   1.3788   0.0000   0.0039   0.0078   0.0082   0.0040   0.9047   0.0674   0.0675   0.0083   0.0347   0.0000   0.0000   0.0003   0.0000   0.0001   0.0000   0.0000   0.0000 
  0.8789   0.0051   0.0084   0.0005   0.0090   0.0039   0.0000   0.0023   0.0002   0.0007   0.0027   0.0017   0.0046   0.0005   0.0011   0.0001   0.0001   0.0004   0.0001   0.0001   0.0001   0.0000   0.0000 
  0.0065   0.8585   0.0053   0.0074   0.0004   0.0078   0.0023   0.0000   0.0007   0.0002   0.0003   0.0005   0.0001   0.0016   0.0003   0.0017   0.0006   0.0228   0.0024   0.0025   0.0003   0.0001   0.0001 
  0.0004   0.0077   0.0039   0.8878   0.0053   0.0082   0.0002   0.0007   0.0000   0.0027   0.0004   0.0002   0.0006   0.0020   0.0005   0.0000   0.0000   0.0001   0.0000   0.0001   0.0000   0.0000   0.0000 
  0.0089   0.0005   0.0083   0.0050   0.8785   0.0040   0.0007   0.0002   0.0027   0.0000   0.0027   0.0046   0.0017   0.0006   0.0010   0.0000   0.0000   0.0000   0.0000   0.0000   0.0000   0.0000   0.0000 
  0.0093   0.0085   0.0025   0.0085   0.0091   0.9047   0.0027   0.0003   0.0004   0.0027   0.0000   1.5046   1.5053   0.0006   0.0003   0.0000   0.0000   0.0001   0.0000   0.0000   0.0000   0.0000   0.0000 
  0.0279   0.0020   0.0080   0.0029   0.0139   0.0674   0.0017   0.0005   0.0002   0.0046   1.5046   0.0000   0.4068   0.0007   0.0037   0.0000   0.0000   0.0000   0.0000   0.0000   0.0000   0.0000   0.0000 
  0.0142   0.0030   0.0078   0.0021   0.0275   0.0675   0.0046   0.0001   0.0006   0.0017   1.5053   0.4068   0.0000   0.0007   0.0036   0.0000   0.0000   0.0000   0.0000   0.0000   0.0000   0.0000   0.0000 
  0.0110   0.0173   1.0328   0.0166   0.0111   0.0083   0.0005   0.0016   0.0020   0.0006   0.0006   0.0007   0.0007   0.0000   2.7345   0.0006   0.0006   0.0005   0.0002   0.0040   0.0001   0.0001   0.0000 
  0.0039   0.0622   0.1005   0.0599   0.0042   0.0347   0.0011   0.0003   0.0005   0.0010   0.0003   0.0037   0.0036   2.7345   0.0000   0.0007   0.0004   0.0003   0.0002   0.0060   0.0000   0.0001   0.0000 
  0.0001   0.0012   0.0002   0.0000   0.0000   0.0000   0.0001   0.0017   0.0000   0.0000   0.0000   0.0000   0.0000   0.0006   0.0007   0.0000   0.6733   1.1338   1.1656   1.1345   0.0294   0.0293   0.0292 
  0.0001   0.0007   0.0001   0.0000   0.0000   0.0000   0.0001   0.0006   0.0000   0.0000   0.0000   0.0000   0.0000   0.0006   0.0004   0.6733   0.0000   0.0934   0.0958   0.0932   0.8638   0.8641   0.8641 
  0.0003   0.0103   0.0007   0.0003   0.0001   0.0003   0.0004   0.0228   0.0001   0.0000   0.0001   0.0000   0.0000   0.0005   0.0003   1.1338   0.0934   0.0000   0.1257   0.1244   0.0045   0.0049   0.0171 
  0.0001   0.0015   0.0003   0.0000   0.0000   0.0000   0.0001   0.0024   0.0000   0.0000   0.0000   0.0000   0.0000   0.0002   0.0002   1.1656   0.0958   0.1257   0.0000   0.1274   0.0172   0.0049   0.0049 
  0.0007   0.0029   0.0012   0.0003   0.0002   0.0001   0.0001   0.0025   0.0001   0.0000   0.0000   0.0000   0.0000   0.0040   0.0060   1.1345   0.0932   0.1244   0.1274   0.0000   0.0048   0.0170   0.0049 
  0.0002   0.0004   0.0001   0.0000   0.0000   0.0000   0.0001   0.0003   0.0000   0.0000   0.0000   0.0000   0.0000   0.0001   0.0000   0.0294   0.8638   0.0045   0.0172   0.0048   0.0000   0.0477   0.0477 
  0.0000   0.0001   0.0000   0.0000   0.0000   0.0000   0.0000   0.0001   0.0000   0.0000   0.0000   0.0000   0.0000   0.0001   0.0001   0.0293   0.8641   0.0049   0.0049   0.0170   0.0477   0.0000   0.0478 
  0.0000   0.0001   0.0000   0.0000   0.0000   0.0000   0.0000   0.0001   0.0000   0.0000   0.0000   0.0000   0.0000   0.0000   0.0000   0.0292   0.8641   0.0171   0.0049   0.0049   0.0477   0.0478   0.0000 

Freq:
    7.8098    16.1456    24.4801    33.5369    40.9805    49.1587    69.4572    77.9992    93.6916   146.4291   182.5211   186.2959   226.6809   259.7034   276.5281   317.5229   320.9547   330.6705   405.9759   437.0047   466.8177   470.0362   501.4073   538.0078   538.7066   550.6908   557.8698   566.7117   572.7324   641.9712   681.4808   728.0818   765.7271   775.1116   837.2530   865.5541   897.1337   931.0635   998.2101  1015.6191  1019.6634  1105.7041  1111.7834  1115.0591  1121.8859  1130.1209  1134.6303  1149.4366  1155.8261  1198.2892  1319.9153  1370.8475  1383.8202  1440.4582  1485.9778  1578.5041  1616.6516  1636.9860  2388.7408  3164.5234  3234.8806  3246.8063  3250.2188 
