Sum of electronic and zero-point Energies=           -621.385072
Sum of electronic and thermal Energies=              -621.375034
Sum of electronic and thermal Enthalpies=            -621.374090
Sum of electronic and thermal Free Energies=         -621.423145

Wiberg:
  0.0000   1.4516   0.0171   0.1007   0.0196   1.3643   0.8914   0.0045   0.0005   0.0091   0.0110   0.0168   0.0311   0.0104   0.0023   0.0014   0.0000 
  1.4516   0.0000   1.3769   0.0145   0.1004   0.0148   0.0049   0.9005   0.0099   0.0005   0.0106   0.0018   0.0053   0.0266   0.0177   0.0064   0.0001 
  0.0171   1.3769   0.0000   1.3728   0.0172   0.0847   0.0085   0.0036   0.0036   0.0085   0.0062   0.0140   0.0141   1.0144   0.0446   0.0199   0.0009 
  0.1007   0.0145   1.3728   0.0000   1.4544   0.0148   0.0005   0.0100   0.9007   0.0049   0.0106   0.0053   0.0018   0.0276   0.0180   0.0055   0.0001 
  0.0196   0.1004   0.0172   1.4544   0.0000   1.3617   0.0091   0.0005   0.0045   0.8913   0.0109   0.0309   0.0167   0.0104   0.0024   0.0020   0.0000 
  1.3643   0.0148   0.0847   0.0148   1.3617   0.0000   0.0038   0.0087   0.0087   0.0037   0.9437   0.0732   0.0731   0.0102   0.0026   0.0021   0.0000 
  0.8914   0.0049   0.0085   0.0005   0.0091   0.0038   0.0000   0.0027   0.0003   0.0008   0.0024   0.0044   0.0016   0.0004   0.0008   0.0002   0.0000 
  0.0045   0.9005   0.0036   0.0100   0.0005   0.0087   0.0027   0.0000   0.0007   0.0003   0.0004   0.0002   0.0006   0.0036   0.0013   0.0005   0.0000 
  0.0005   0.0099   0.0036   0.9007   0.0045   0.0087   0.0003   0.0007   0.0000   0.0027   0.0004   0.0006   0.0002   0.0032   0.0014   0.0006   0.0000 
  0.0091   0.0005   0.0085   0.0049   0.8913   0.0037   0.0008   0.0003   0.0027   0.0000   0.0024   0.0016   0.0044   0.0005   0.0008   0.0002   0.0000 
  0.0110   0.0106   0.0062   0.0106   0.0109   0.9437   0.0024   0.0004   0.0004   0.0024   0.0000   1.4782   1.4782   0.0024   0.0002   0.0004   0.0000 
  0.0168   0.0018   0.0140   0.0053   0.0309   0.0732   0.0044   0.0002   0.0006   0.0016   1.4782   0.0000   0.3732   0.0029   0.0005   0.0006   0.0000 
  0.0311   0.0053   0.0141   0.0018   0.0167   0.0731   0.0016   0.0006   0.0002   0.0044   1.4782   0.3732   0.0000   0.0029   0.0005   0.0006   0.0000 
  0.0104   0.0266   1.0144   0.0276   0.0104   0.0102   0.0004   0.0036   0.0032   0.0005   0.0024   0.0029   0.0029   0.0000   1.9466   0.1927   0.0099 
  0.0023   0.0177   0.0446   0.0180   0.0024   0.0026   0.0008   0.0013   0.0014   0.0008   0.0002   0.0005   0.0005   1.9466   0.0000   1.0363   0.0017 
  0.0014   0.0064   0.0199   0.0055   0.0020   0.0021   0.0002   0.0005   0.0006   0.0002   0.0004   0.0006   0.0006   0.1927   1.0363   0.0000   0.7182 
  0.0000   0.0001   0.0009   0.0001   0.0000   0.0000   0.0000   0.0000   0.0000   0.0000   0.0000   0.0000   0.0000   0.0099   0.0017   0.7182   0.0000 

Freq:
   13.3897    53.3500    70.4453   167.4093   193.9750   285.6060   316.1010   357.5121   412.7924   481.1191   501.2588   529.2652   580.8053   614.5757   658.6899   694.2850   734.3616   773.3859   801.0462   827.7677   851.0073   866.9020   923.4602   986.7049   991.4962  1020.3310  1118.5254  1121.5451  1174.6358  1192.3668  1307.0800  1336.2772  1359.8755  1360.7760  1433.1948  1500.6489  1542.3581  1626.0657  1633.5397  1694.6972  3211.0580  3211.7597  3238.6268  3239.2206  3750.8840 
