Sum of electronic and zero-point Energies=           -734.722132
Sum of electronic and thermal Energies=              -734.708900
Sum of electronic and thermal Enthalpies=            -734.707956
Sum of electronic and thermal Free Energies=         -734.765796

Wiberg:
  0.0000   1.4385   0.0150   0.1061   0.0164   1.3855   0.8836   0.0049   0.0004   0.0090   0.0097   0.0149   0.0288   0.0099   0.0012   0.0000   0.0001   0.0002   0.0000 
  1.4385   0.0000   1.3530   0.0257   0.1044   0.0181   0.0049   0.8915   0.0078   0.0004   0.0088   0.0023   0.0024   0.0149   0.0506   0.0001   0.0014   0.0015   0.0003 
  0.0150   1.3530   0.0000   1.3341   0.0159   0.0769   0.0084   0.0039   0.0042   0.0084   0.0031   0.0093   0.0093   1.0214   0.0718   0.0005   0.0013   0.0072   0.0012 
  0.1061   0.0257   1.3341   0.0000   1.4433   0.0184   0.0004   0.0085   0.8769   0.0050   0.0087   0.0023   0.0023   0.0130   0.0519   0.0018   0.0034   0.0129   0.0013 
  0.0164   0.1044   0.0159   1.4433   0.0000   1.3790   0.0090   0.0004   0.0055   0.8823   0.0096   0.0283   0.0146   0.0103   0.0039   0.0002   0.0002   0.0012   0.0001 
  1.3855   0.0181   0.0769   0.0184   1.3790   0.0000   0.0039   0.0083   0.0081   0.0038   0.9114   0.0679   0.0678   0.0053   0.0285   0.0001   0.0012   0.0006   0.0002 
  0.8836   0.0049   0.0084   0.0004   0.0090   0.0039   0.0000   0.0027   0.0002   0.0007   0.0026   0.0045   0.0017   0.0004   0.0004   0.0000   0.0000   0.0000   0.0000 
  0.0049   0.8915   0.0039   0.0085   0.0004   0.0083   0.0027   0.0000   0.0007   0.0002   0.0004   0.0002   0.0006   0.0025   0.0007   0.0000   0.0001   0.0006   0.0001 
  0.0004   0.0078   0.0042   0.8769   0.0055   0.0081   0.0002   0.0007   0.0000   0.0024   0.0003   0.0005   0.0002   0.0019   0.0003   0.0006   0.0014   0.0111   0.0004 
  0.0090   0.0004   0.0084   0.0050   0.8823   0.0038   0.0007   0.0002   0.0024   0.0000   0.0026   0.0017   0.0045   0.0003   0.0009   0.0000   0.0001   0.0007   0.0001 
  0.0097   0.0088   0.0031   0.0087   0.0096   0.9114   0.0026   0.0004   0.0003   0.0026   0.0000   1.5002   1.5002   0.0006   0.0005   0.0000   0.0001   0.0001   0.0000 
  0.0149   0.0023   0.0093   0.0023   0.0283   0.0679   0.0045   0.0002   0.0005   0.0017   1.5002   0.0000   0.3996   0.0004   0.0032   0.0000   0.0002   0.0001   0.0000 
  0.0288   0.0024   0.0093   0.0023   0.0146   0.0678   0.0017   0.0006   0.0002   0.0045   1.5002   0.3996   0.0000   0.0004   0.0033   0.0000   0.0002   0.0001   0.0000 
  0.0099   0.0149   1.0214   0.0130   0.0103   0.0053   0.0004   0.0025   0.0019   0.0003   0.0006   0.0004   0.0004   0.0000   2.5263   0.0044   0.0168   0.1239   0.0132 
  0.0012   0.0506   0.0718   0.0519   0.0039   0.0285   0.0004   0.0007   0.0003   0.0009   0.0005   0.0032   0.0033   2.5263   0.0000   0.0079   0.0289   0.2423   0.0240 
  0.0000   0.0001   0.0005   0.0018   0.0002   0.0001   0.0000   0.0000   0.0006   0.0000   0.0000   0.0000   0.0000   0.0044   0.0079   0.0000   1.5408   1.3419   0.8840 
  0.0001   0.0014   0.0013   0.0034   0.0002   0.0012   0.0000   0.0001   0.0014   0.0001   0.0001   0.0002   0.0002   0.0168   0.0289   1.5408   0.0000   0.1987   0.0531 
  0.0002   0.0015   0.0072   0.0129   0.0012   0.0006   0.0000   0.0006   0.0111   0.0007   0.0001   0.0001   0.0001   0.1239   0.2423   1.3419   0.1987   0.0000   0.0261 
  0.0000   0.0003   0.0012   0.0013   0.0001   0.0002   0.0000   0.0001   0.0004   0.0001   0.0000   0.0000   0.0000   0.0132   0.0240   0.8840   0.0531   0.0261   0.0000 

Freq:
   18.0570    27.8334    38.8383    62.9566    83.0184   116.6265   138.8210   149.9635   229.1276   244.1741   303.9031   340.4053   412.3923   432.8889   493.8745   540.3906   545.2473   579.0959   638.0340   688.9849   742.5740   768.3229   780.5130   839.9343   866.3349   890.1989  1002.1507  1013.3118  1021.8622  1045.4197  1108.8393  1121.5989  1133.9538  1189.6655  1299.4374  1310.2477  1363.7462  1368.7403  1380.7796  1437.6444  1490.7999  1571.7684  1586.2635  1623.1356  1640.9437  2167.0087  2877.5244  3224.8444  3232.7879  3245.6797  3250.2120 
