Sum of electronic and zero-point Energies=          -3119.747217
Sum of electronic and thermal Energies=             -3119.736142
Sum of electronic and thermal Enthalpies=           -3119.735197
Sum of electronic and thermal Free Energies=        -3119.788313

Wiberg:
  0.0000   1.4419   0.0150   0.1050   0.0161   1.3834   0.8827   0.0050   0.0004   0.0090   0.0095   0.0284   0.0147   0.0101   0.0016   0.0007 
  1.4419   0.0000   1.3445   0.0275   0.1045   0.0188   0.0049   0.8907   0.0077   0.0004   0.0087   0.0023   0.0024   0.0151   0.0515   0.0036 
  0.0150   1.3445   0.0000   1.3301   0.0158   0.0755   0.0084   0.0039   0.0040   0.0084   0.0029   0.0089   0.0089   1.0254   0.0787   0.0078 
  0.1050   0.0275   1.3301   0.0000   1.4416   0.0190   0.0005   0.0083   0.8718   0.0051   0.0087   0.0024   0.0023   0.0138   0.0537   0.0231 
  0.0161   0.1045   0.0158   1.4416   0.0000   1.3813   0.0090   0.0004   0.0054   0.8815   0.0095   0.0146   0.0283   0.0105   0.0041   0.0015 
  1.3834   0.0188   0.0755   0.0190   1.3813   0.0000   0.0039   0.0083   0.0080   0.0038   0.9098   0.0676   0.0677   0.0060   0.0300   0.0026 
  0.8827   0.0049   0.0084   0.0005   0.0090   0.0039   0.0000   0.0027   0.0002   0.0007   0.0026   0.0017   0.0045   0.0004   0.0004   0.0000 
  0.0050   0.8907   0.0039   0.0083   0.0004   0.0083   0.0027   0.0000   0.0007   0.0002   0.0004   0.0006   0.0002   0.0024   0.0007   0.0006 
  0.0004   0.0077   0.0040   0.8718   0.0054   0.0080   0.0002   0.0007   0.0000   0.0023   0.0003   0.0002   0.0005   0.0019   0.0004   0.0181 
  0.0090   0.0004   0.0084   0.0051   0.8815   0.0038   0.0007   0.0002   0.0023   0.0000   0.0026   0.0045   0.0017   0.0003   0.0009   0.0011 
  0.0095   0.0087   0.0029   0.0087   0.0095   0.9098   0.0026   0.0004   0.0003   0.0026   0.0000   1.5012   1.5013   0.0006   0.0005   0.0003 
  0.0284   0.0023   0.0089   0.0024   0.0146   0.0676   0.0017   0.0006   0.0002   0.0045   1.5012   0.0000   0.4012   0.0004   0.0034   0.0005 
  0.0147   0.0024   0.0089   0.0023   0.0283   0.0677   0.0045   0.0002   0.0005   0.0017   1.5013   0.4012   0.0000   0.0004   0.0033   0.0004 
  0.0101   0.0151   1.0254   0.0138   0.0105   0.0060   0.0004   0.0024   0.0019   0.0003   0.0006   0.0004   0.0004   0.0000   2.5374   0.1612 
  0.0016   0.0515   0.0787   0.0537   0.0041   0.0300   0.0004   0.0007   0.0004   0.0009   0.0005   0.0034   0.0033   2.5374   0.0000   0.2839 
  0.0007   0.0036   0.0078   0.0231   0.0015   0.0026   0.0000   0.0006   0.0181   0.0011   0.0003   0.0005   0.0004   0.1612   0.2839   0.0000 

Freq:
   20.9275    44.7895    45.6281    87.7872    93.8409   201.1439   234.4840   272.7646   332.8301   412.6433   432.4896   470.5839   534.8882   542.3886   573.0825   636.2377   689.9024   770.4496   778.9672   838.7147   865.8545   890.6738  1003.4278  1019.9240  1020.4592  1108.0051  1122.4915  1128.7585  1190.2534  1310.3894  1369.1685  1381.1792  1437.6520  1491.1141  1573.5985  1620.8616  1639.2061  2165.0627  3198.6479  3227.9163  3244.2164  3251.5135 
