Sum of electronic and zero-point Energies=          -1245.196273
Sum of electronic and thermal Energies=             -1245.180430
Sum of electronic and thermal Enthalpies=           -1245.179486
Sum of electronic and thermal Free Energies=        -1245.242903

Wiberg:
  0.0000   1.4273   0.0174   0.1043   0.0149   1.3933   0.8814   0.0058   0.0004   0.0091   0.0086   0.0145   0.0283   0.0107   0.0029   0.0004   0.0006   0.0001   0.0017   0.0006   0.0029 
  1.4273   0.0000   1.3353   0.0287   0.1006   0.0197   0.0049   0.8679   0.0082   0.0005   0.0087   0.0027   0.0024   0.0153   0.0502   0.0018   0.0029   0.0002   0.0155   0.0039   0.0119 
  0.0174   1.3353   0.0000   1.3219   0.0167   0.0754   0.0085   0.0047   0.0037   0.0084   0.0023   0.0079   0.0082   1.0151   0.0905   0.0017   0.0015   0.0001   0.0138   0.0023   0.0048 
  0.1043   0.0287   1.3219   0.0000   1.4545   0.0162   0.0005   0.0076   0.8995   0.0047   0.0087   0.0028   0.0025   0.0147   0.0490   0.0009   0.0002   0.0001   0.0150   0.0021   0.0012 
  0.0149   0.1006   0.0167   1.4545   0.0000   1.3745   0.0092   0.0004   0.0052   0.8830   0.0082   0.0275   0.0139   0.0112   0.0046   0.0001   0.0004   0.0000   0.0006   0.0005   0.0016 
  1.3933   0.0197   0.0754   0.0162   1.3745   0.0000   0.0038   0.0078   0.0086   0.0039   0.9056   0.0699   0.0695   0.0055   0.0244   0.0003   0.0004   0.0000   0.0115   0.0023   0.0008 
  0.8814   0.0049   0.0085   0.0005   0.0092   0.0038   0.0000   0.0025   0.0003   0.0007   0.0027   0.0052   0.0018   0.0005   0.0010   0.0000   0.0000   0.0000   0.0000   0.0001   0.0002 
  0.0058   0.8679   0.0047   0.0076   0.0004   0.0078   0.0025   0.0000   0.0008   0.0002   0.0003   0.0002   0.0005   0.0017   0.0004   0.0004   0.0005   0.0001   0.0006   0.0009   0.0091 
  0.0004   0.0082   0.0037   0.8995   0.0052   0.0086   0.0003   0.0008   0.0000   0.0027   0.0004   0.0007   0.0002   0.0017   0.0004   0.0000   0.0000   0.0000   0.0002   0.0000   0.0001 
  0.0091   0.0005   0.0084   0.0047   0.8830   0.0039   0.0007   0.0002   0.0027   0.0000   0.0026   0.0019   0.0055   0.0006   0.0011   0.0000   0.0000   0.0000   0.0000   0.0000   0.0001 
  0.0086   0.0087   0.0023   0.0087   0.0082   0.9056   0.0027   0.0003   0.0004   0.0026   0.0000   1.5090   1.5027   0.0006   0.0001   0.0000   0.0000   0.0000   0.0009   0.0003   0.0002 
  0.0145   0.0027   0.0079   0.0028   0.0275   0.0699   0.0052   0.0002   0.0007   0.0019   1.5090   0.0000   0.4137   0.0004   0.0023   0.0000   0.0001   0.0000   0.0021   0.0006   0.0002 
  0.0283   0.0024   0.0082   0.0025   0.0139   0.0695   0.0018   0.0005   0.0002   0.0055   1.5027   0.4137   0.0000   0.0005   0.0024   0.0000   0.0000   0.0000   0.0022   0.0006   0.0002 
  0.0107   0.0153   1.0151   0.0147   0.0112   0.0055   0.0005   0.0017   0.0017   0.0006   0.0006   0.0004   0.0005   0.0000   2.7176   0.0018   0.0009   0.0000   0.0372   0.0059   0.0104 
  0.0029   0.0502   0.0905   0.0490   0.0046   0.0244   0.0010   0.0004   0.0004   0.0011   0.0001   0.0023   0.0024   2.7176   0.0000   0.0023   0.0011   0.0001   0.0553   0.0087   0.0129 
  0.0004   0.0018   0.0017   0.0009   0.0001   0.0003   0.0000   0.0004   0.0000   0.0000   0.0000   0.0000   0.0000   0.0018   0.0023   0.0000   0.6568   0.0025   1.0996   1.2553   1.1473 
  0.0006   0.0029   0.0015   0.0002   0.0004   0.0004   0.0000   0.0005   0.0000   0.0000   0.0000   0.0001   0.0000   0.0009   0.0011   0.6568   0.0000   0.7225   0.0779   0.0952   0.0764 
  0.0001   0.0002   0.0001   0.0001   0.0000   0.0000   0.0000   0.0001   0.0000   0.0000   0.0000   0.0000   0.0000   0.0000   0.0001   0.0025   0.7225   0.0000   0.0030   0.0023   0.0076 
  0.0017   0.0155   0.0138   0.0150   0.0006   0.0115   0.0000   0.0006   0.0002   0.0000   0.0009   0.0021   0.0022   0.0372   0.0553   1.0996   0.0779   0.0030   0.0000   0.1192   0.1163 
  0.0006   0.0039   0.0023   0.0021   0.0005   0.0023   0.0001   0.0009   0.0000   0.0000   0.0003   0.0006   0.0006   0.0059   0.0087   1.2553   0.0952   0.0023   0.1192   0.0000   0.1283 
  0.0029   0.0119   0.0048   0.0012   0.0016   0.0008   0.0002   0.0091   0.0001   0.0001   0.0002   0.0002   0.0002   0.0104   0.0129   1.1473   0.0764   0.0076   0.1163   0.1283   0.0000 

Freq:
   19.0336    34.6396    50.4326    55.8039    69.1625    76.5669    88.5193   126.1931   139.1712   165.4283   221.8431   257.9011   332.1762   346.8227   369.5018   392.8439   409.5228   491.0210   498.2435   506.9049   508.0319   516.2318   549.6344   568.0008   641.9451   668.9056   699.7686   757.0063   771.9198   821.5661   864.0965   873.4576   950.7451   982.2966   990.0462  1021.4889  1078.3432  1105.1875  1110.9113  1117.8303  1123.5577  1189.7085  1244.7690  1306.7712  1369.1655  1382.5945  1442.1452  1481.9214  1602.5498  1618.7006  1649.8386  2365.6914  3223.4074  3224.8015  3240.8512  3241.9374  3779.8998 
