Sum of electronic and zero-point Energies=          -1071.811791
Sum of electronic and thermal Energies=             -1071.794824
Sum of electronic and thermal Enthalpies=           -1071.793880
Sum of electronic and thermal Free Energies=        -1071.864443

Wiberg:
  0.0000   1.4328   0.0156   0.1054   0.0156   1.3891   0.8802   0.0067   0.0004   0.0090   0.0094   0.0144   0.0282   0.0111   0.0039   0.0002   0.0002   0.0005   0.0000   0.0000   0.0000   0.0000 
  1.4328   0.0000   1.3237   0.0346   0.1036   0.0224   0.0051   0.8403   0.0078   0.0005   0.0085   0.0028   0.0020   0.0173   0.0618   0.0011   0.0019   0.0166   0.0024   0.0002   0.0001   0.0002 
  0.0156   1.3237   0.0000   1.3218   0.0157   0.0719   0.0084   0.0055   0.0037   0.0083   0.0028   0.0081   0.0083   1.0311   0.0961   0.0004   0.0013   0.0015   0.0006   0.0001   0.0001   0.0001 
  0.1054   0.0346   1.3218   0.0000   1.4492   0.0203   0.0004   0.0072   0.8885   0.0049   0.0085   0.0022   0.0027   0.0157   0.0568   0.0001   0.0007   0.0005   0.0001   0.0000   0.0000   0.0000 
  0.0156   0.1036   0.0157   1.4492   0.0000   1.3778   0.0090   0.0004   0.0051   0.8799   0.0092   0.0276   0.0141   0.0109   0.0036   0.0000   0.0001   0.0001   0.0000   0.0000   0.0000   0.0000 
  1.3891   0.0224   0.0719   0.0203   1.3778   0.0000   0.0038   0.0075   0.0082   0.0039   0.9057   0.0675   0.0674   0.0079   0.0334   0.0001   0.0001   0.0005   0.0001   0.0000   0.0000   0.0000 
  0.8802   0.0051   0.0084   0.0004   0.0090   0.0038   0.0000   0.0021   0.0002   0.0007   0.0026   0.0046   0.0017   0.0005   0.0011   0.0001   0.0002   0.0005   0.0001   0.0000   0.0000   0.0000 
  0.0067   0.8403   0.0055   0.0072   0.0004   0.0075   0.0021   0.0000   0.0007   0.0002   0.0003   0.0001   0.0005   0.0017   0.0003   0.0022   0.0017   0.0372   0.0043   0.0005   0.0002   0.0005 
  0.0004   0.0078   0.0037   0.8885   0.0051   0.0082   0.0002   0.0007   0.0000   0.0027   0.0004   0.0006   0.0002   0.0017   0.0004   0.0000   0.0000   0.0001   0.0000   0.0000   0.0000   0.0000 
  0.0090   0.0005   0.0083   0.0049   0.8799   0.0039   0.0007   0.0002   0.0027   0.0000   0.0026   0.0017   0.0045   0.0005   0.0009   0.0000   0.0000   0.0000   0.0000   0.0000   0.0000   0.0000 
  0.0094   0.0085   0.0028   0.0085   0.0092   0.9057   0.0026   0.0003   0.0004   0.0026   0.0000   1.5044   1.5034   0.0006   0.0004   0.0000   0.0000   0.0001   0.0000   0.0000   0.0000   0.0000 
  0.0144   0.0028   0.0081   0.0022   0.0276   0.0675   0.0046   0.0001   0.0006   0.0017   1.5044   0.0000   0.4050   0.0006   0.0035   0.0000   0.0000   0.0000   0.0000   0.0000   0.0000   0.0000 
  0.0282   0.0020   0.0083   0.0027   0.0141   0.0674   0.0017   0.0005   0.0002   0.0045   1.5034   0.4050   0.0000   0.0006   0.0036   0.0000   0.0000   0.0001   0.0000   0.0000   0.0000   0.0000 
  0.0111   0.0173   1.0311   0.0157   0.0109   0.0079   0.0005   0.0017   0.0017   0.0005   0.0006   0.0006   0.0006   0.0000   2.7076   0.0013   0.0234   0.0017   0.0025   0.0001   0.0005   0.0002 
  0.0039   0.0618   0.0961   0.0568   0.0036   0.0334   0.0011   0.0003   0.0004   0.0009   0.0004   0.0035   0.0036   2.7076   0.0000   0.0017   0.0390   0.0013   0.0033   0.0002   0.0007   0.0002 
  0.0002   0.0011   0.0004   0.0001   0.0000   0.0001   0.0001   0.0022   0.0000   0.0000   0.0000   0.0000   0.0000   0.0013   0.0017   0.0000   1.4608   1.4726   0.8726   0.0217   0.0225   0.0217 
  0.0002   0.0019   0.0013   0.0007   0.0001   0.0001   0.0002   0.0017   0.0000   0.0000   0.0000   0.0000   0.0000   0.0234   0.0390   1.4608   0.0000   0.2321   0.0679   0.0072   0.0127   0.0070 
  0.0005   0.0166   0.0015   0.0005   0.0001   0.0005   0.0005   0.0372   0.0001   0.0000   0.0001   0.0000   0.0001   0.0017   0.0013   1.4726   0.2321   0.0000   0.0645   0.0104   0.0045   0.0104 
  0.0000   0.0024   0.0006   0.0001   0.0000   0.0001   0.0001   0.0043   0.0000   0.0000   0.0000   0.0000   0.0000   0.0025   0.0033   0.8726   0.0679   0.0645   0.0000   0.8506   0.8559   0.8510 
  0.0000   0.0002   0.0001   0.0000   0.0000   0.0000   0.0000   0.0005   0.0000   0.0000   0.0000   0.0000   0.0000   0.0001   0.0002   0.0217   0.0072   0.0104   0.8506   0.0000   0.0459   0.0463 
  0.0000   0.0001   0.0001   0.0000   0.0000   0.0000   0.0000   0.0002   0.0000   0.0000   0.0000   0.0000   0.0000   0.0005   0.0007   0.0225   0.0127   0.0045   0.8559   0.0459   0.0000   0.0458 
  0.0000   0.0002   0.0001   0.0000   0.0000   0.0000   0.0000   0.0005   0.0000   0.0000   0.0000   0.0000   0.0000   0.0002   0.0002   0.0217   0.0070   0.0104   0.8510   0.0463   0.0458   0.0000 

Freq:
    5.7852    14.1953    20.5379    30.2186    34.5602    51.8023    69.3468    83.7326    88.3754   156.1485   227.6078   256.4079   258.8440   264.0944   332.5619   390.6929   414.7689   422.1935   438.1202   497.4700   499.8632   550.6418   551.2426   573.0264   575.3235   639.9732   690.8028   696.6922   769.1207   776.1417   785.3086   798.9155   848.2556   865.3622   912.3543  1003.7494  1022.9821  1059.6389  1079.8900  1101.9877  1105.0959  1124.0096  1141.3924  1173.1771  1206.2919  1328.1538  1373.1309  1383.1976  1400.1817  1445.3793  1496.6085  1576.8045  1619.9718  1636.4041  1668.0567  2361.3403  3072.6874  3241.1523  3245.7125  3252.2599 
