Sum of electronic and zero-point Energies=          -1507.027355
Sum of electronic and thermal Energies=             -1507.009171
Sum of electronic and thermal Enthalpies=           -1507.008226
Sum of electronic and thermal Free Energies=        -1507.078134

Wiberg:
  0.0000   1.4247   0.0171   0.1044   0.0148   1.3966   0.8808   0.0054   0.0004   0.0091   0.0084   0.0284   0.0145   0.0107   0.0033   0.0003   0.0003   0.0043   0.0004   0.0004   0.0006   0.0001   0.0001 
  1.4247   0.0000   1.3305   0.0303   0.0989   0.0198   0.0048   0.8787   0.0081   0.0005   0.0086   0.0024   0.0028   0.0159   0.0534   0.0011   0.0004   0.0118   0.0039   0.0163   0.0012   0.0001   0.0001 
  0.0171   1.3305   0.0000   1.3199   0.0167   0.0751   0.0083   0.0043   0.0037   0.0084   0.0022   0.0079   0.0077   1.0214   0.0943   0.0021   0.0009   0.0044   0.0020   0.0120   0.0011   0.0002   0.0002 
  0.1044   0.0303   1.3199   0.0000   1.4559   0.0176   0.0005   0.0077   0.8969   0.0047   0.0086   0.0027   0.0026   0.0153   0.0518   0.0008   0.0002   0.0017   0.0011   0.0087   0.0002   0.0000   0.0000 
  0.0148   0.0989   0.0167   1.4559   0.0000   1.3729   0.0093   0.0004   0.0052   0.8820   0.0081   0.0137   0.0270   0.0114   0.0048   0.0001   0.0001   0.0027   0.0010   0.0019   0.0002   0.0000   0.0000 
  1.3966   0.0198   0.0751   0.0176   1.3729   0.0000   0.0039   0.0080   0.0085   0.0039   0.9033   0.0696   0.0699   0.0064   0.0274   0.0003   0.0001   0.0005   0.0016   0.0090   0.0005   0.0001   0.0000 
  0.8808   0.0048   0.0083   0.0005   0.0093   0.0039   0.0000   0.0025   0.0002   0.0007   0.0027   0.0019   0.0053   0.0005   0.0011   0.0000   0.0000   0.0001   0.0000   0.0000   0.0001   0.0000   0.0000 
  0.0054   0.8787   0.0043   0.0077   0.0004   0.0080   0.0025   0.0000   0.0008   0.0002   0.0003   0.0006   0.0002   0.0017   0.0004   0.0003   0.0002   0.0035   0.0005   0.0004   0.0001   0.0001   0.0000 
  0.0004   0.0081   0.0037   0.8969   0.0052   0.0085   0.0002   0.0008   0.0000   0.0027   0.0004   0.0002   0.0007   0.0017   0.0004   0.0000   0.0001   0.0001   0.0001   0.0004   0.0000   0.0000   0.0000 
  0.0091   0.0005   0.0084   0.0047   0.8820   0.0039   0.0007   0.0002   0.0027   0.0000   0.0027   0.0055   0.0019   0.0005   0.0011   0.0000   0.0000   0.0001   0.0000   0.0000   0.0000   0.0000   0.0000 
  0.0084   0.0086   0.0022   0.0086   0.0081   0.9033   0.0027   0.0003   0.0004   0.0027   0.0000   1.5053   1.5096   0.0006   0.0002   0.0000   0.0000   0.0001   0.0002   0.0006   0.0002   0.0000   0.0000 
  0.0284   0.0024   0.0079   0.0027   0.0137   0.0696   0.0019   0.0006   0.0002   0.0055   1.5053   0.0000   0.4161   0.0006   0.0027   0.0000   0.0000   0.0001   0.0003   0.0015   0.0001   0.0000   0.0000 
  0.0145   0.0028   0.0077   0.0026   0.0270   0.0699   0.0053   0.0002   0.0007   0.0019   1.5096   0.4161   0.0000   0.0005   0.0026   0.0000   0.0000   0.0001   0.0004   0.0017   0.0002   0.0000   0.0000 
  0.0107   0.0159   1.0214   0.0153   0.0114   0.0064   0.0005   0.0017   0.0017   0.0005   0.0006   0.0006   0.0005   0.0000   2.7203   0.0026   0.0019   0.0099   0.0041   0.0309   0.0005   0.0003   0.0002 
  0.0033   0.0534   0.0943   0.0518   0.0048   0.0274   0.0011   0.0004   0.0004   0.0011   0.0002   0.0027   0.0026   2.7203   0.0000   0.0021   0.0011   0.0106   0.0065   0.0428   0.0004   0.0002   0.0001 
  0.0003   0.0011   0.0021   0.0008   0.0001   0.0003   0.0000   0.0003   0.0000   0.0000   0.0000   0.0000   0.0000   0.0026   0.0021   0.0000   0.6713   1.1118   1.2441   1.0746   0.0292   0.0301   0.0301 
  0.0003   0.0004   0.0009   0.0002   0.0001   0.0001   0.0000   0.0002   0.0001   0.0000   0.0000   0.0000   0.0000   0.0019   0.0011   0.6713   0.0000   0.0912   0.1030   0.0874   0.8405   0.8764   0.8768 
  0.0043   0.0118   0.0044   0.0017   0.0027   0.0005   0.0001   0.0035   0.0001   0.0001   0.0001   0.0001   0.0001   0.0099   0.0106   1.1118   0.0912   0.0000   0.1332   0.1133   0.0042   0.0044   0.0167 
  0.0004   0.0039   0.0020   0.0011   0.0010   0.0016   0.0000   0.0005   0.0001   0.0000   0.0002   0.0003   0.0004   0.0041   0.0065   1.2441   0.1030   0.1332   0.0000   0.1256   0.0177   0.0050   0.0049 
  0.0004   0.0163   0.0120   0.0087   0.0019   0.0090   0.0000   0.0004   0.0004   0.0000   0.0006   0.0015   0.0017   0.0309   0.0428   1.0746   0.0874   0.1133   0.1256   0.0000   0.0042   0.0164   0.0045 
  0.0006   0.0012   0.0011   0.0002   0.0002   0.0005   0.0001   0.0001   0.0000   0.0000   0.0002   0.0001   0.0002   0.0005   0.0004   0.0292   0.8405   0.0042   0.0177   0.0042   0.0000   0.0474   0.0473 
  0.0001   0.0001   0.0002   0.0000   0.0000   0.0001   0.0000   0.0001   0.0000   0.0000   0.0000   0.0000   0.0000   0.0003   0.0002   0.0301   0.8764   0.0044   0.0050   0.0164   0.0474   0.0000   0.0490 
  0.0001   0.0001   0.0002   0.0000   0.0000   0.0000   0.0000   0.0000   0.0000   0.0000   0.0000   0.0000   0.0000   0.0002   0.0001   0.0301   0.8768   0.0167   0.0049   0.0045   0.0473   0.0490   0.0000 

Freq:
    9.5063    28.3623    36.1209    42.6425    48.3964    55.8598    93.5472   118.1136   140.0494   144.3154   185.8044   194.6787   216.6166   258.2638   278.4200   314.2470   325.7411   332.9905   396.3884   405.5007   468.3832   480.0192   495.9474   501.7379   537.8338   541.2034   549.8569   567.9016   586.2644   641.2632   667.1220   729.4263   756.0033   773.1498   810.4284   861.1571   866.0706   928.6259   975.0098   985.1046  1021.5561  1079.5500  1106.5618  1115.4528  1118.3461  1124.4617  1164.7026  1175.4588  1190.5065  1219.2638  1307.7989  1370.6000  1383.0454  1441.4042  1483.4150  1604.5506  1618.3871  1651.3178  2368.4292  3228.3189  3237.5551  3242.3386  3249.2703 
