Sum of electronic and zero-point Energies=          -1245.239374
Sum of electronic and thermal Energies=             -1245.223410
Sum of electronic and thermal Enthalpies=           -1245.222466
Sum of electronic and thermal Free Energies=        -1245.287811

Wiberg:
  0.0000   1.4350   0.0157   0.1047   0.0154   1.3884   0.8792   0.0065   0.0004   0.0089   0.0093   0.0143   0.0280   0.0110   0.0038   0.0001   0.0001   0.0000   0.0004   0.0002   0.0008 
  1.4350   0.0000   1.3208   0.0360   0.1028   0.0226   0.0051   0.8557   0.0077   0.0005   0.0085   0.0029   0.0020   0.0173   0.0623   0.0012   0.0004   0.0000   0.0111   0.0015   0.0031 
  0.0157   1.3208   0.0000   1.3166   0.0156   0.0714   0.0084   0.0054   0.0039   0.0083   0.0025   0.0079   0.0080   1.0327   0.1001   0.0002   0.0001   0.0000   0.0008   0.0003   0.0012 
  0.1047   0.0360   1.3166   0.0000   1.4495   0.0210   0.0005   0.0073   0.8880   0.0050   0.0085   0.0021   0.0028   0.0166   0.0598   0.0000   0.0000   0.0000   0.0004   0.0001   0.0004 
  0.0154   0.1028   0.0156   1.4495   0.0000   1.3783   0.0090   0.0004   0.0053   0.8787   0.0092   0.0275   0.0139   0.0111   0.0042   0.0000   0.0000   0.0000   0.0001   0.0000   0.0002 
  1.3884   0.0226   0.0714   0.0210   1.3783   0.0000   0.0039   0.0077   0.0082   0.0040   0.9049   0.0675   0.0673   0.0083   0.0345   0.0000   0.0000   0.0000   0.0003   0.0000   0.0002 
  0.8792   0.0051   0.0084   0.0005   0.0090   0.0039   0.0000   0.0022   0.0002   0.0007   0.0027   0.0046   0.0017   0.0005   0.0011   0.0000   0.0000   0.0000   0.0005   0.0001   0.0001 
  0.0065   0.8557   0.0054   0.0073   0.0004   0.0077   0.0022   0.0000   0.0007   0.0002   0.0003   0.0002   0.0005   0.0017   0.0004   0.0015   0.0007   0.0000   0.0258   0.0029   0.0027 
  0.0004   0.0077   0.0039   0.8880   0.0053   0.0082   0.0002   0.0007   0.0000   0.0027   0.0004   0.0006   0.0002   0.0020   0.0005   0.0000   0.0000   0.0000   0.0001   0.0000   0.0001 
  0.0089   0.0005   0.0083   0.0050   0.8787   0.0040   0.0007   0.0002   0.0027   0.0000   0.0027   0.0017   0.0046   0.0006   0.0010   0.0000   0.0000   0.0000   0.0000   0.0000   0.0000 
  0.0093   0.0085   0.0025   0.0085   0.0092   0.9049   0.0027   0.0003   0.0004   0.0027   0.0000   1.5052   1.5043   0.0006   0.0003   0.0000   0.0000   0.0000   0.0001   0.0000   0.0000 
  0.0143   0.0029   0.0079   0.0021   0.0275   0.0675   0.0046   0.0002   0.0006   0.0017   1.5052   0.0000   0.4064   0.0007   0.0036   0.0000   0.0000   0.0000   0.0000   0.0000   0.0000 
  0.0280   0.0020   0.0080   0.0028   0.0139   0.0673   0.0017   0.0005   0.0002   0.0046   1.5043   0.4064   0.0000   0.0007   0.0037   0.0000   0.0000   0.0000   0.0000   0.0000   0.0000 
  0.0110   0.0173   1.0327   0.0166   0.0111   0.0083   0.0005   0.0017   0.0020   0.0006   0.0006   0.0007   0.0007   0.0000   2.7337   0.0005   0.0006   0.0000   0.0006   0.0002   0.0049 
  0.0038   0.0623   0.1001   0.0598   0.0042   0.0345   0.0011   0.0004   0.0005   0.0010   0.0003   0.0036   0.0037   2.7337   0.0000   0.0006   0.0007   0.0000   0.0004   0.0003   0.0074 
  0.0001   0.0012   0.0002   0.0000   0.0000   0.0000   0.0000   0.0015   0.0000   0.0000   0.0000   0.0000   0.0000   0.0005   0.0006   0.0000   0.6685   0.0026   1.1553   1.1854   1.1522 
  0.0001   0.0004   0.0001   0.0000   0.0000   0.0000   0.0000   0.0007   0.0000   0.0000   0.0000   0.0000   0.0000   0.0006   0.0007   0.6685   0.0000   0.7185   0.0722   0.0902   0.0874 
  0.0000   0.0000   0.0000   0.0000   0.0000   0.0000   0.0000   0.0000   0.0000   0.0000   0.0000   0.0000   0.0000   0.0000   0.0000   0.0026   0.7185   0.0000   0.0120   0.0008   0.0008 
  0.0004   0.0111   0.0008   0.0004   0.0001   0.0003   0.0005   0.0258   0.0001   0.0000   0.0001   0.0000   0.0000   0.0006   0.0004   1.1553   0.0722   0.0120   0.0000   0.1220   0.1217 
  0.0002   0.0015   0.0003   0.0001   0.0000   0.0000   0.0001   0.0029   0.0000   0.0000   0.0000   0.0000   0.0000   0.0002   0.0003   1.1854   0.0902   0.0008   0.1220   0.0000   0.1243 
  0.0008   0.0031   0.0012   0.0004   0.0002   0.0002   0.0001   0.0027   0.0001   0.0000   0.0000   0.0000   0.0000   0.0049   0.0074   1.1522   0.0874   0.0008   0.1217   0.1243   0.0000 

Freq:
   18.3819    24.3732    32.9559    37.8183    56.9467    66.9215    81.3385    90.6316   138.9076   160.9710   225.3665   258.8846   331.0853   357.3476   373.0911   409.9739   435.2574   490.3631   497.9430   507.8120   511.1062   547.0773   552.7132   572.9975   641.4212   682.5318   684.8899   764.7166   775.4026   838.4338   865.5820   898.4998   953.8286   999.2937  1018.3271  1024.8086  1089.8238  1106.5918  1121.1834  1123.9027  1138.6842  1179.4465  1202.2898  1322.8633  1370.9862  1383.6407  1441.8463  1487.7058  1578.0003  1617.4186  1636.7924  2388.2637  3150.5327  3234.1219  3247.6020  3250.5056  3745.7306 
