Sum of electronic and zero-point Energies=          -1440.285593
Sum of electronic and thermal Energies=             -1440.264331
Sum of electronic and thermal Enthalpies=           -1440.263386
Sum of electronic and thermal Free Energies=        -1440.343215

Wiberg:
  0.0000   1.4367   0.0155   0.1047   0.0153   1.3873   0.8788   0.0061   0.0004   0.0089   0.0108   0.0038   0.0001   0.0001   0.0000   0.0000   0.0000   0.0000   0.0002   0.0000   0.0000   0.0000   0.0001   0.0001   0.0011   0.0001   0.0000   0.0000   0.0000   0.0000   0.0093   0.0142   0.0279 
  1.4367   0.0000   1.3193   0.0356   0.1029   0.0226   0.0050   0.8613   0.0078   0.0005   0.0173   0.0627   0.0003   0.0001   0.0000   0.0001   0.0001   0.0004   0.0002   0.0000   0.0000   0.0000   0.0010   0.0004   0.0104   0.0013   0.0000   0.0000   0.0000   0.0000   0.0085   0.0029   0.0020 
  0.0155   1.3193   0.0000   1.3189   0.0156   0.0715   0.0084   0.0049   0.0039   0.0083   1.0337   0.0996   0.0000   0.0000   0.0000   0.0000   0.0000   0.0001   0.0001   0.0000   0.0000   0.0000   0.0002   0.0001   0.0015   0.0001   0.0000   0.0000   0.0000   0.0000   0.0025   0.0079   0.0080 
  0.1047   0.0356   1.3189   0.0000   1.4485   0.0210   0.0005   0.0074   0.8880   0.0049   0.0164   0.0595   0.0000   0.0000   0.0000   0.0000   0.0000   0.0000   0.0000   0.0000   0.0000   0.0000   0.0000   0.0000   0.0002   0.0000   0.0000   0.0000   0.0000   0.0000   0.0085   0.0021   0.0028 
  0.0153   0.1029   0.0156   1.4485   0.0000   1.3792   0.0090   0.0004   0.0052   0.8788   0.0111   0.0041   0.0000   0.0000   0.0000   0.0000   0.0000   0.0000   0.0000   0.0000   0.0000   0.0000   0.0000   0.0000   0.0002   0.0000   0.0000   0.0000   0.0000   0.0000   0.0092   0.0276   0.0140 
  1.3873   0.0226   0.0715   0.0210   1.3792   0.0000   0.0039   0.0078   0.0082   0.0040   0.0082   0.0346   0.0000   0.0000   0.0000   0.0000   0.0000   0.0000   0.0000   0.0000   0.0000   0.0000   0.0000   0.0000   0.0004   0.0001   0.0000   0.0000   0.0000   0.0000   0.9049   0.0675   0.0674 
  0.8788   0.0050   0.0084   0.0005   0.0090   0.0039   0.0000   0.0023   0.0002   0.0007   0.0005   0.0012   0.0003   0.0003   0.0000   0.0001   0.0001   0.0000   0.0000   0.0000   0.0000   0.0000   0.0000   0.0000   0.0002   0.0000   0.0000   0.0000   0.0000   0.0000   0.0027   0.0046   0.0017 
  0.0061   0.8613   0.0049   0.0074   0.0004   0.0078   0.0023   0.0000   0.0007   0.0002   0.0017   0.0003   0.0004   0.0001   0.0001   0.0001   0.0002   0.0004   0.0001   0.0000   0.0000   0.0000   0.0005   0.0005   0.0188   0.0014   0.0000   0.0000   0.0000   0.0000   0.0003   0.0002   0.0005 
  0.0004   0.0078   0.0039   0.8880   0.0052   0.0082   0.0002   0.0007   0.0000   0.0027   0.0020   0.0005   0.0000   0.0000   0.0000   0.0000   0.0000   0.0000   0.0000   0.0000   0.0000   0.0000   0.0000   0.0000   0.0001   0.0000   0.0000   0.0000   0.0000   0.0000   0.0004   0.0006   0.0002 
  0.0089   0.0005   0.0083   0.0049   0.8788   0.0040   0.0007   0.0002   0.0027   0.0000   0.0005   0.0010   0.0000   0.0000   0.0000   0.0000   0.0000   0.0000   0.0000   0.0000   0.0000   0.0000   0.0000   0.0000   0.0000   0.0000   0.0000   0.0000   0.0000   0.0000   0.0027   0.0017   0.0046 
  0.0108   0.0173   1.0337   0.0164   0.0111   0.0082   0.0005   0.0017   0.0020   0.0005   0.0000   2.7302   0.0001   0.0000   0.0001   0.0000   0.0001   0.0005   0.0000   0.0000   0.0000   0.0000   0.0006   0.0004   0.0074   0.0003   0.0000   0.0000   0.0000   0.0000   0.0005   0.0007   0.0007 
  0.0038   0.0627   0.0996   0.0595   0.0041   0.0346   0.0012   0.0003   0.0005   0.0010   2.7302   0.0000   0.0001   0.0000   0.0001   0.0000   0.0001   0.0006   0.0000   0.0000   0.0000   0.0000   0.0006   0.0004   0.0107   0.0007   0.0000   0.0000   0.0000   0.0000   0.0004   0.0036   0.0037 
  0.0001   0.0003   0.0000   0.0000   0.0000   0.0000   0.0003   0.0004   0.0000   0.0000   0.0001   0.0001   0.0000   1.4568   0.0129   0.1071   0.0156   1.3892   0.9034   0.0035   0.0006   0.0100   0.0078   0.0067   0.0097   0.0111   0.0101   0.0002   0.0002   0.0004   0.0000   0.0000   0.0000 
  0.0001   0.0001   0.0000   0.0000   0.0000   0.0000   0.0003   0.0001   0.0000   0.0000   0.0000   0.0000   1.4568   0.0000   1.3835   0.0117   0.1088   0.0145   0.0043   0.9107   0.0110   0.0005   0.0096   0.0017   0.0018   0.0027   0.0111   0.0062   0.0059   0.0081   0.0000   0.0000   0.0000 
  0.0000   0.0000   0.0000   0.0000   0.0000   0.0000   0.0000   0.0001   0.0000   0.0000   0.0001   0.0001   0.0129   1.3835   0.0000   1.4121   0.0130   0.1024   0.0090   0.0035   0.0036   0.0087   0.0019   0.0032   0.0057   0.0018   1.0340   0.0028   0.0027   0.0019   0.0000   0.0000   0.0000 
  0.0000   0.0001   0.0000   0.0000   0.0000   0.0000   0.0001   0.0001   0.0000   0.0000   0.0000   0.0000   0.1071   0.0117   1.4121   0.0000   1.4228   0.0146   0.0005   0.0108   0.9105   0.0043   0.0099   0.0024   0.0019   0.0014   0.0112   0.0127   0.0126   0.0018   0.0000   0.0000   0.0000 
  0.0000   0.0001   0.0000   0.0000   0.0000   0.0000   0.0001   0.0002   0.0000   0.0000   0.0001   0.0001   0.0156   0.1088   0.0130   1.4228   0.0000   1.4178   0.0098   0.0006   0.0035   0.8998   0.0086   0.0132   0.0131   0.0066   0.0091   0.0002   0.0003   0.0005   0.0000   0.0000   0.0000 
  0.0000   0.0004   0.0001   0.0000   0.0000   0.0000   0.0000   0.0004   0.0000   0.0000   0.0005   0.0006   1.3892   0.0145   0.1024   0.0146   1.4178   0.0000   0.0036   0.0092   0.0090   0.0037   0.8087   0.0744   0.0730   0.0748   0.0019   0.0041   0.0040   0.0001   0.0000   0.0000   0.0000 
  0.0002   0.0002   0.0001   0.0000   0.0000   0.0000   0.0000   0.0001   0.0000   0.0000   0.0000   0.0000   0.9034   0.0043   0.0090   0.0005   0.0098   0.0036   0.0000   0.0026   0.0005   0.0007   0.0022   0.0026   0.0011   0.0018   0.0004   0.0000   0.0000   0.0003   0.0000   0.0000   0.0000 
  0.0000   0.0000   0.0000   0.0000   0.0000   0.0000   0.0000   0.0000   0.0000   0.0000   0.0000   0.0000   0.0035   0.9107   0.0035   0.0108   0.0006   0.0092   0.0026   0.0000   0.0006   0.0005   0.0005   0.0001   0.0002   0.0007   0.0022   0.0002   0.0002   0.0002   0.0000   0.0000   0.0000 
  0.0000   0.0000   0.0000   0.0000   0.0000   0.0000   0.0000   0.0000   0.0000   0.0000   0.0000   0.0000   0.0006   0.0110   0.0036   0.9105   0.0035   0.0090   0.0005   0.0006   0.0000   0.0025   0.0005   0.0006   0.0003   0.0001   0.0021   0.0001   0.0001   0.0007   0.0000   0.0000   0.0000 
  0.0000   0.0000   0.0000   0.0000   0.0000   0.0000   0.0000   0.0000   0.0000   0.0000   0.0000   0.0000   0.0100   0.0005   0.0087   0.0043   0.8998   0.0037   0.0007   0.0005   0.0025   0.0000   0.0023   0.0017   0.0011   0.0037   0.0004   0.0001   0.0001   0.0001   0.0000   0.0000   0.0000 
  0.0001   0.0010   0.0002   0.0000   0.0000   0.0000   0.0000   0.0005   0.0000   0.0000   0.0006   0.0006   0.0078   0.0096   0.0019   0.0099   0.0086   0.8087   0.0022   0.0005   0.0005   0.0023   0.0000   1.1243   1.0671   1.1286   0.0007   0.0001   0.0001   0.0000   0.0000   0.0000   0.0000 
  0.0001   0.0004   0.0001   0.0000   0.0000   0.0000   0.0000   0.0005   0.0000   0.0000   0.0004   0.0004   0.0067   0.0017   0.0032   0.0024   0.0132   0.0744   0.0026   0.0001   0.0006   0.0017   1.1243   0.0000   0.1228   0.1233   0.0001   0.0001   0.0002   0.0000   0.0000   0.0000   0.0000 
  0.0011   0.0104   0.0015   0.0002   0.0002   0.0004   0.0002   0.0188   0.0001   0.0000   0.0074   0.0107   0.0097   0.0018   0.0057   0.0019   0.0131   0.0730   0.0011   0.0002   0.0003   0.0011   1.0671   0.1228   0.0000   0.1189   0.0001   0.0003   0.0003   0.0000   0.0001   0.0000   0.0000 
  0.0001   0.0013   0.0001   0.0000   0.0000   0.0001   0.0000   0.0014   0.0000   0.0000   0.0003   0.0007   0.0111   0.0027   0.0018   0.0014   0.0066   0.0748   0.0018   0.0007   0.0001   0.0037   1.1286   0.1233   0.1189   0.0000   0.0001   0.0001   0.0001   0.0000   0.0000   0.0000   0.0000 
  0.0000   0.0000   0.0000   0.0000   0.0000   0.0000   0.0000   0.0000   0.0000   0.0000   0.0000   0.0000   0.0101   0.0111   1.0340   0.0112   0.0091   0.0019   0.0004   0.0022   0.0021   0.0004   0.0007   0.0001   0.0001   0.0001   0.0000   0.9167   0.9173   0.9330   0.0000   0.0000   0.0000 
  0.0000   0.0000   0.0000   0.0000   0.0000   0.0000   0.0000   0.0000   0.0000   0.0000   0.0000   0.0000   0.0002   0.0062   0.0028   0.0127   0.0002   0.0041   0.0000   0.0002   0.0001   0.0001   0.0001   0.0001   0.0003   0.0001   0.9167   0.0000   0.0009   0.0008   0.0000   0.0000   0.0000 
  0.0000   0.0000   0.0000   0.0000   0.0000   0.0000   0.0000   0.0000   0.0000   0.0000   0.0000   0.0000   0.0002   0.0059   0.0027   0.0126   0.0003   0.0040   0.0000   0.0002   0.0001   0.0001   0.0001   0.0002   0.0003   0.0001   0.9173   0.0009   0.0000   0.0008   0.0000   0.0000   0.0000 
  0.0000   0.0000   0.0000   0.0000   0.0000   0.0000   0.0000   0.0000   0.0000   0.0000   0.0000   0.0000   0.0004   0.0081   0.0019   0.0018   0.0005   0.0001   0.0003   0.0002   0.0007   0.0001   0.0000   0.0000   0.0000   0.0000   0.9330   0.0008   0.0008   0.0000   0.0000   0.0000   0.0000 
  0.0093   0.0085   0.0025   0.0085   0.0092   0.9049   0.0027   0.0003   0.0004   0.0027   0.0005   0.0004   0.0000   0.0000   0.0000   0.0000   0.0000   0.0000   0.0000   0.0000   0.0000   0.0000   0.0000   0.0000   0.0001   0.0000   0.0000   0.0000   0.0000   0.0000   0.0000   1.5050   1.5045 
  0.0142   0.0029   0.0079   0.0021   0.0276   0.0675   0.0046   0.0002   0.0006   0.0017   0.0007   0.0036   0.0000   0.0000   0.0000   0.0000   0.0000   0.0000   0.0000   0.0000   0.0000   0.0000   0.0000   0.0000   0.0000   0.0000   0.0000   0.0000   0.0000   0.0000   1.5050   0.0000   0.4064 
  0.0279   0.0020   0.0080   0.0028   0.0140   0.0674   0.0017   0.0005   0.0002   0.0046   0.0007   0.0037   0.0000   0.0000   0.0000   0.0000   0.0000   0.0000   0.0000   0.0000   0.0000   0.0000   0.0000   0.0000   0.0000   0.0000   0.0000   0.0000   0.0000   0.0000   1.5045   0.4064   0.0000 

Freq:
    6.8572    17.1807    22.5241    26.4731    30.4610    45.5974    53.7292    57.2539    81.2382    84.8561    93.0913   133.8757   159.4524   212.8857   229.1397   258.2593   271.3233   307.4758   331.4421   351.7566   379.3499   409.3916   414.2441   436.2968   463.3228   493.0357   497.4082   533.9726   539.4042   551.8557   553.2452   572.2375   640.1781   643.2486   644.6870   683.9143   721.7331   768.5556   775.9312   808.3709   821.9867   841.7932   843.8117   864.8771   900.8689   933.2541   959.7004   986.0907  1001.4156  1002.2310  1022.8659  1027.4692  1030.4346  1049.8868  1055.4161  1096.9528  1103.7859  1105.3723  1124.1788  1126.3293  1127.2361  1189.6945  1193.2280  1227.7377  1313.9715  1315.4919  1340.0051  1370.8553  1383.5265  1391.7846  1417.5157  1443.0968  1451.1119  1465.2011  1481.6629  1514.9417  1578.1706  1612.6041  1618.4748  1636.4066  1637.8712  2386.2075  3030.2334  3086.8206  3120.1337  3172.1671  3176.9491  3189.2571  3201.6979  3209.8337  3236.1507  3247.0306  3251.3448 
