Sum of electronic and zero-point Energies=          -1040.712166
Sum of electronic and thermal Energies=             -1040.698750
Sum of electronic and thermal Enthalpies=           -1040.697806
Sum of electronic and thermal Free Energies=        -1040.756828

Wiberg:
  0.0000   1.4716   0.0161   0.0944   0.0122   1.4030   0.8990   0.0055   0.0131   0.0081   0.0036   0.0094   0.0004   0.0000   0.0001   0.0000   0.0001   0.0000   0.0000 
  1.4716   0.0000   1.2967   0.0422   0.0965   0.0230   0.0039   0.8944   0.0175   0.0619   0.0091   0.0004   0.0074   0.0000   0.0003   0.0001   0.0002   0.0000   0.0000 
  0.0161   1.2967   0.0000   1.2996   0.0153   0.0764   0.0089   0.0038   1.0566   0.1220   0.0004   0.0090   0.0051   0.0002   0.0007   0.0002   0.0010   0.0001   0.0000 
  0.0944   0.0422   1.2996   0.0000   1.4602   0.0247   0.0004   0.0076   0.0180   0.0639   0.0092   0.0041   0.8675   0.0009   0.0088   0.0013   0.0028   0.0003   0.0000 
  0.0122   0.0965   0.0153   1.4602   0.0000   1.4130   0.0093   0.0004   0.0129   0.0073   0.0037   0.8993   0.0066   0.0001   0.0003   0.0001   0.0004   0.0001   0.0000 
  1.4030   0.0230   0.0764   0.0247   1.4130   0.0000   0.0041   0.0095   0.0115   0.0446   0.9052   0.0040   0.0089   0.0000   0.0002   0.0000   0.0001   0.0000   0.0000 
  0.8990   0.0039   0.0089   0.0004   0.0093   0.0041   0.0000   0.0027   0.0007   0.0013   0.0026   0.0005   0.0003   0.0000   0.0000   0.0000   0.0000   0.0000   0.0000 
  0.0055   0.8944   0.0038   0.0076   0.0004   0.0095   0.0027   0.0000   0.0020   0.0006   0.0005   0.0003   0.0007   0.0000   0.0001   0.0000   0.0001   0.0000   0.0000 
  0.0131   0.0175   1.0566   0.0180   0.0129   0.0115   0.0007   0.0020   0.0000   2.7019   0.0004   0.0007   0.0016   0.0004   0.0006   0.0006   0.0039   0.0002   0.0000 
  0.0081   0.0619   0.1220   0.0639   0.0073   0.0446   0.0013   0.0006   2.7019   0.0000   0.0000   0.0013   0.0004   0.0006   0.0005   0.0006   0.0061   0.0002   0.0000 
  0.0036   0.0091   0.0004   0.0092   0.0037   0.9052   0.0026   0.0005   0.0004   0.0000   0.0000   0.0026   0.0004   0.0000   0.0001   0.0000   0.0000   0.0000   0.0000 
  0.0094   0.0004   0.0090   0.0041   0.8993   0.0040   0.0005   0.0003   0.0007   0.0013   0.0026   0.0000   0.0023   0.0000   0.0004   0.0001   0.0001   0.0000   0.0000 
  0.0004   0.0074   0.0051   0.8675   0.0066   0.0089   0.0003   0.0007   0.0016   0.0004   0.0004   0.0023   0.0000   0.0014   0.0199   0.0027   0.0032   0.0007   0.0000 
  0.0000   0.0000   0.0002   0.0009   0.0001   0.0000   0.0000   0.0000   0.0004   0.0006   0.0000   0.0000   0.0014   0.0000   1.1605   1.1816   1.1561   0.6647   0.0026 
  0.0001   0.0003   0.0007   0.0088   0.0003   0.0002   0.0000   0.0001   0.0006   0.0005   0.0001   0.0004   0.0199   1.1605   0.0000   0.1226   0.1223   0.0725   0.0120 
  0.0000   0.0001   0.0002   0.0013   0.0001   0.0000   0.0000   0.0000   0.0006   0.0006   0.0000   0.0001   0.0027   1.1816   0.1226   0.0000   0.1238   0.0897   0.0007 
  0.0001   0.0002   0.0010   0.0028   0.0004   0.0001   0.0000   0.0001   0.0039   0.0061   0.0000   0.0001   0.0032   1.1561   0.1223   0.1238   0.0000   0.0885   0.0008 
  0.0000   0.0000   0.0001   0.0003   0.0001   0.0000   0.0000   0.0000   0.0002   0.0002   0.0000   0.0000   0.0007   0.6647   0.0725   0.0897   0.0885   0.0000   0.7196 
  0.0000   0.0000   0.0000   0.0000   0.0000   0.0000   0.0000   0.0000   0.0000   0.0000   0.0000   0.0000   0.0000   0.0026   0.0120   0.0007   0.0008   0.7196   0.0000 

Freq:
   13.2539    23.0412    38.0912    49.7285    67.0963    81.6474   149.3688   165.7054   167.2013   357.3903   370.9614   395.4289   405.3706   462.1334   489.3636   506.5497   511.1762   540.3955   559.2792   625.0970   680.4310   682.3769   767.9178   771.7422   854.0926   954.0741   977.0188  1006.3135  1020.5921  1036.5667  1043.6882  1092.6101  1113.7241  1120.7229  1130.7380  1180.4661  1184.6441  1203.0979  1343.4593  1372.0401  1475.4697  1482.2635  1607.4844  1610.0572  2361.0722  3176.8867  3203.5772  3215.8995  3221.4011  3237.9659  3747.9150 
