Sum of electronic and zero-point Energies=           -765.536583
Sum of electronic and thermal Energies=              -765.523629
Sum of electronic and thermal Enthalpies=            -765.522685
Sum of electronic and thermal Free Energies=         -765.580652

Wiberg:
  0.0000   1.4623   0.0154   0.0959   0.0123   1.4112   0.8988   0.0063   0.0004   0.0093   0.0129   0.0075   0.0001   0.0000   0.0000   0.0005   0.0002   0.0037 
  1.4623   0.0000   1.2983   0.0427   0.0941   0.0248   0.0040   0.8742   0.0076   0.0004   0.0179   0.0639   0.0004   0.0002   0.0002   0.0030   0.0061   0.0091 
  0.0154   1.2983   0.0000   1.2956   0.0161   0.0762   0.0090   0.0048   0.0038   0.0089   1.0582   0.1235   0.0001   0.0000   0.0001   0.0009   0.0004   0.0004 
  0.0959   0.0427   1.2956   0.0000   1.4714   0.0234   0.0004   0.0074   0.8940   0.0039   0.0177   0.0626   0.0000   0.0000   0.0000   0.0001   0.0002   0.0091 
  0.0123   0.0941   0.0161   1.4714   0.0000   1.4033   0.0094   0.0004   0.0055   0.8985   0.0132   0.0083   0.0000   0.0000   0.0000   0.0001   0.0001   0.0037 
  1.4112   0.0248   0.0762   0.0234   1.4033   0.0000   0.0040   0.0090   0.0095   0.0041   0.0117   0.0451   0.0000   0.0000   0.0000   0.0001   0.0001   0.9050 
  0.8988   0.0040   0.0090   0.0004   0.0094   0.0040   0.0000   0.0024   0.0003   0.0005   0.0007   0.0013   0.0000   0.0000   0.0000   0.0001   0.0002   0.0026 
  0.0063   0.8742   0.0048   0.0074   0.0004   0.0090   0.0024   0.0000   0.0007   0.0003   0.0017   0.0004   0.0010   0.0006   0.0008   0.0045   0.0130   0.0004 
  0.0004   0.0076   0.0038   0.8940   0.0055   0.0095   0.0003   0.0007   0.0000   0.0027   0.0020   0.0006   0.0000   0.0000   0.0000   0.0000   0.0000   0.0005 
  0.0093   0.0004   0.0089   0.0039   0.8985   0.0041   0.0005   0.0003   0.0027   0.0000   0.0007   0.0013   0.0000   0.0000   0.0000   0.0000   0.0000   0.0026 
  0.0129   0.0179   1.0582   0.0177   0.0132   0.0117   0.0007   0.0017   0.0020   0.0007   0.0000   2.7024   0.0003   0.0001   0.0001   0.0026   0.0002   0.0004 
  0.0075   0.0639   0.1235   0.0626   0.0083   0.0451   0.0013   0.0004   0.0006   0.0013   2.7024   0.0000   0.0002   0.0001   0.0001   0.0030   0.0001   0.0000 
  0.0001   0.0004   0.0001   0.0000   0.0000   0.0000   0.0000   0.0010   0.0000   0.0000   0.0003   0.0002   0.0000   0.6240   0.6243   0.6019   0.6090   0.0000 
  0.0000   0.0002   0.0000   0.0000   0.0000   0.0000   0.0000   0.0006   0.0000   0.0000   0.0001   0.0001   0.6240   0.0000   0.0183   0.0187   0.0182   0.0000 
  0.0000   0.0002   0.0001   0.0000   0.0000   0.0000   0.0000   0.0008   0.0000   0.0000   0.0001   0.0001   0.6243   0.0183   0.0000   0.0185   0.0181   0.0000 
  0.0005   0.0030   0.0009   0.0001   0.0001   0.0001   0.0001   0.0045   0.0000   0.0000   0.0026   0.0030   0.6019   0.0187   0.0185   0.0000   0.0186   0.0000 
  0.0002   0.0061   0.0004   0.0002   0.0001   0.0001   0.0002   0.0130   0.0000   0.0000   0.0002   0.0001   0.6090   0.0182   0.0181   0.0186   0.0000   0.0000 
  0.0037   0.0091   0.0004   0.0091   0.0037   0.9050   0.0026   0.0004   0.0005   0.0026   0.0004   0.0000   0.0000   0.0000   0.0000   0.0000   0.0000   0.0000 

Freq:
   16.6836    22.7968    39.1930    46.9156    58.0837    75.9680   147.0268   169.6774   325.1228   328.9728   394.1862   401.8782   461.4432   476.0247   478.6743   482.7131   542.6080   556.0431   625.3954   678.6628   728.1814   767.6245   769.5761   848.3501   972.1922   982.1099  1001.8568  1009.2125  1012.3397  1019.9476  1036.1298  1039.0307  1112.5584  1127.7846  1185.0885  1200.8156  1339.9113  1371.9274  1476.1653  1478.2819  1606.6719  1609.6418  2360.7971  3203.8408  3211.8307  3218.2529  3223.0524  3238.9410 
