Sum of electronic and zero-point Energies=           -621.369796
Sum of electronic and thermal Energies=              -621.358319
Sum of electronic and thermal Enthalpies=            -621.357375
Sum of electronic and thermal Free Energies=         -621.412192

Wiberg:
  0.0000   1.4734   0.0162   0.0940   0.0121   1.4012   0.8990   0.0055   0.0133   0.0085   0.0036   0.0095   0.0004   0.0001   0.0000   0.0001   0.0001 
  1.4734   0.0000   1.2938   0.0420   0.0971   0.0227   0.0040   0.8947   0.0178   0.0625   0.0091   0.0004   0.0073   0.0003   0.0000   0.0001   0.0004 
  0.0162   1.2938   0.0000   1.3014   0.0152   0.0762   0.0089   0.0038   1.0562   0.1230   0.0004   0.0091   0.0053   0.0016   0.0001   0.0003   0.0007 
  0.0940   0.0420   1.3014   0.0000   1.4578   0.0251   0.0004   0.0077   0.0181   0.0636   0.0092   0.0041   0.8578   0.0065   0.0007   0.0018   0.0100 
  0.0121   0.0971   0.0152   1.4578   0.0000   1.4150   0.0093   0.0004   0.0128   0.0068   0.0037   0.8998   0.0067   0.0009   0.0001   0.0002   0.0002 
  1.4012   0.0227   0.0762   0.0251   1.4150   0.0000   0.0041   0.0095   0.0116   0.0447   0.9055   0.0039   0.0087   0.0002   0.0000   0.0001   0.0001 
  0.8990   0.0040   0.0089   0.0004   0.0093   0.0041   0.0000   0.0027   0.0007   0.0014   0.0026   0.0005   0.0003   0.0000   0.0000   0.0000   0.0000 
  0.0055   0.8947   0.0038   0.0077   0.0004   0.0095   0.0027   0.0000   0.0019   0.0005   0.0005   0.0003   0.0007   0.0001   0.0000   0.0000   0.0001 
  0.0133   0.0178   1.0562   0.0181   0.0128   0.0116   0.0007   0.0019   0.0000   2.7020   0.0004   0.0007   0.0016   0.0058   0.0005   0.0004   0.0010 
  0.0085   0.0625   0.1230   0.0636   0.0068   0.0447   0.0014   0.0005   2.7020   0.0000   0.0000   0.0013   0.0004   0.0082   0.0005   0.0004   0.0011 
  0.0036   0.0091   0.0004   0.0092   0.0037   0.9055   0.0026   0.0005   0.0004   0.0000   0.0000   0.0026   0.0004   0.0001   0.0000   0.0000   0.0000 
  0.0095   0.0004   0.0091   0.0041   0.8998   0.0039   0.0005   0.0003   0.0007   0.0013   0.0026   0.0000   0.0022   0.0002   0.0000   0.0001   0.0005 
  0.0004   0.0073   0.0053   0.8578   0.0067   0.0087   0.0003   0.0007   0.0016   0.0004   0.0004   0.0022   0.0000   0.0094   0.0016   0.0051   0.0227 
  0.0001   0.0003   0.0016   0.0065   0.0009   0.0002   0.0000   0.0001   0.0058   0.0082   0.0001   0.0002   0.0094   0.0000   1.3358   0.2357   0.2302 
  0.0000   0.0000   0.0001   0.0007   0.0001   0.0000   0.0000   0.0000   0.0005   0.0005   0.0000   0.0000   0.0016   1.3358   0.0000   1.3753   1.3503 
  0.0001   0.0001   0.0003   0.0018   0.0002   0.0001   0.0000   0.0000   0.0004   0.0004   0.0000   0.0001   0.0051   0.2357   1.3753   0.0000   0.2394 
  0.0001   0.0004   0.0007   0.0100   0.0002   0.0001   0.0000   0.0001   0.0010   0.0011   0.0000   0.0005   0.0227   0.2302   1.3503   0.2394   0.0000 

Freq:
   11.8691    26.6734    46.3319    58.2008    78.0554    84.1090   147.9048   167.8160   394.7137   408.0789   461.2344   535.4846   558.5836   624.3752   686.0120   705.7110   708.0359   766.8080   772.6499   828.9971   859.4426   980.3841  1005.9164  1027.5449  1035.8076  1054.4104  1081.5101  1111.8772  1122.7111  1183.4094  1198.8836  1333.4880  1357.8371  1372.0236  1381.0104  1474.6416  1478.2108  1605.6359  1609.4565  2359.4219  3167.9094  3202.6669  3214.7495  3220.5810  3237.6736 
