Sum of electronic and zero-point Energies=          -1235.717441
Sum of electronic and thermal Energies=             -1235.699438
Sum of electronic and thermal Enthalpies=           -1235.698494
Sum of electronic and thermal Free Energies=        -1235.768523

Wiberg:
  0.0000   1.4490   0.0144   0.1040   0.0117   1.4218   0.9090   0.0053   0.0005   0.0097   0.0037   0.0105   0.0037   0.0000   0.0000   0.0000   0.0000   0.0000   0.0000   0.0000   0.0000   0.0000   0.0000   0.0001   0.0001   0.0028   0.0001   0.0000   0.0000   0.0000   0.0000 
  1.4490   0.0000   1.3397   0.0219   0.1043   0.0160   0.0039   0.8797   0.0092   0.0004   0.0095   0.0127   0.0473   0.0002   0.0000   0.0001   0.0000   0.0002   0.0006   0.0000   0.0000   0.0000   0.0000   0.0014   0.0012   0.0198   0.0012   0.0000   0.0000   0.0000   0.0000 
  0.0144   1.3397   0.0000   1.3548   0.0144   0.0905   0.0091   0.0042   0.0036   0.0092   0.0005   1.0344   0.0687   0.0002   0.0000   0.0002   0.0000   0.0003   0.0007   0.0000   0.0000   0.0000   0.0000   0.0003   0.0003   0.0117   0.0003   0.0000   0.0000   0.0000   0.0000 
  0.1040   0.0219   1.3548   0.0000   1.4508   0.0146   0.0004   0.0080   0.9056   0.0038   0.0096   0.0158   0.0510   0.0000   0.0000   0.0000   0.0000   0.0000   0.0001   0.0000   0.0000   0.0000   0.0000   0.0002   0.0002   0.0029   0.0002   0.0000   0.0000   0.0000   0.0000 
  0.0117   0.1043   0.0144   1.4508   0.0000   1.4224   0.0097   0.0004   0.0047   0.9111   0.0037   0.0105   0.0022   0.0000   0.0000   0.0000   0.0000   0.0000   0.0000   0.0000   0.0000   0.0000   0.0000   0.0000   0.0001   0.0004   0.0001   0.0000   0.0000   0.0000   0.0000 
  1.4218   0.0160   0.0905   0.0146   1.4224   0.0000   0.0038   0.0090   0.0098   0.0039   0.9134   0.0046   0.0329   0.0000   0.0000   0.0000   0.0000   0.0000   0.0000   0.0000   0.0000   0.0000   0.0000   0.0001   0.0002   0.0025   0.0002   0.0000   0.0000   0.0000   0.0000 
  0.9090   0.0039   0.0091   0.0004   0.0097   0.0038   0.0000   0.0025   0.0004   0.0006   0.0025   0.0004   0.0007   0.0000   0.0000   0.0000   0.0000   0.0000   0.0001   0.0000   0.0000   0.0000   0.0000   0.0000   0.0000   0.0007   0.0000   0.0000   0.0000   0.0000   0.0000 
  0.0053   0.8797   0.0042   0.0080   0.0004   0.0090   0.0025   0.0000   0.0007   0.0003   0.0004   0.0016   0.0004   0.0002   0.0001   0.0001   0.0001   0.0002   0.0003   0.0000   0.0000   0.0000   0.0000   0.0008   0.0005   0.0108   0.0005   0.0000   0.0000   0.0000   0.0000 
  0.0005   0.0092   0.0036   0.9056   0.0047   0.0098   0.0004   0.0007   0.0000   0.0026   0.0005   0.0032   0.0009   0.0000   0.0000   0.0000   0.0000   0.0000   0.0001   0.0000   0.0000   0.0000   0.0000   0.0000   0.0000   0.0008   0.0000   0.0000   0.0000   0.0000   0.0000 
  0.0097   0.0004   0.0092   0.0038   0.9111   0.0039   0.0006   0.0003   0.0026   0.0000   0.0025   0.0005   0.0003   0.0000   0.0000   0.0000   0.0000   0.0000   0.0000   0.0000   0.0000   0.0000   0.0000   0.0000   0.0000   0.0000   0.0000   0.0000   0.0000   0.0000   0.0000 
  0.0037   0.0095   0.0005   0.0096   0.0037   0.9134   0.0025   0.0004   0.0005   0.0025   0.0000   0.0005   0.0001   0.0000   0.0000   0.0000   0.0000   0.0000   0.0000   0.0000   0.0000   0.0000   0.0000   0.0000   0.0000   0.0001   0.0000   0.0000   0.0000   0.0000   0.0000 
  0.0105   0.0127   1.0344   0.0158   0.0105   0.0046   0.0004   0.0016   0.0032   0.0005   0.0005   0.0000   2.3347   0.0026   0.0003   0.0023   0.0003   0.0028   0.0078   0.0001   0.0000   0.0000   0.0001   0.0066   0.0025   0.1772   0.0026   0.0000   0.0001   0.0001   0.0000 
  0.0037   0.0473   0.0687   0.0510   0.0022   0.0329   0.0007   0.0004   0.0009   0.0003   0.0001   2.3347   0.0000   0.0031   0.0006   0.0029   0.0007   0.0033   0.0155   0.0001   0.0001   0.0001   0.0001   0.0058   0.0050   0.4686   0.0051   0.0001   0.0002   0.0001   0.0000 
  0.0000   0.0002   0.0002   0.0000   0.0000   0.0000   0.0000   0.0002   0.0000   0.0000   0.0000   0.0026   0.0031   0.0000   1.4514   0.0134   0.1059   0.0158   1.3901   0.8989   0.0037   0.0006   0.0098   0.0092   0.0070   0.0062   0.0122   0.0101   0.0002   0.0002   0.0004 
  0.0000   0.0000   0.0000   0.0000   0.0000   0.0000   0.0000   0.0001   0.0000   0.0000   0.0000   0.0003   0.0006   1.4514   0.0000   1.3881   0.0115   0.1094   0.0142   0.0043   0.9149   0.0111   0.0005   0.0099   0.0014   0.0014   0.0029   0.0108   0.0064   0.0057   0.0081 
  0.0000   0.0001   0.0002   0.0000   0.0000   0.0000   0.0000   0.0001   0.0000   0.0000   0.0000   0.0023   0.0029   0.0134   1.3881   0.0000   1.4063   0.0135   0.1011   0.0088   0.0035   0.0035   0.0087   0.0026   0.0026   0.0022   0.0025   1.0336   0.0027   0.0027   0.0019 
  0.0000   0.0000   0.0000   0.0000   0.0000   0.0000   0.0000   0.0001   0.0000   0.0000   0.0000   0.0003   0.0007   0.1059   0.0115   1.4063   0.0000   1.4296   0.0143   0.0005   0.0110   0.9146   0.0042   0.0101   0.0029   0.0013   0.0014   0.0107   0.0126   0.0124   0.0018 
  0.0000   0.0002   0.0003   0.0000   0.0000   0.0000   0.0000   0.0002   0.0000   0.0000   0.0000   0.0028   0.0033   0.0158   0.1094   0.0135   1.4296   0.0000   1.4079   0.0096   0.0006   0.0036   0.8984   0.0095   0.0126   0.0065   0.0072   0.0090   0.0003   0.0003   0.0005 
  0.0000   0.0006   0.0007   0.0001   0.0000   0.0000   0.0001   0.0003   0.0001   0.0000   0.0000   0.0078   0.0155   1.3901   0.0142   0.1011   0.0143   1.4079   0.0000   0.0036   0.0093   0.0092   0.0037   0.8196   0.0816   0.0397   0.0817   0.0017   0.0042   0.0038   0.0001 
  0.0000   0.0000   0.0000   0.0000   0.0000   0.0000   0.0000   0.0000   0.0000   0.0000   0.0000   0.0001   0.0001   0.8989   0.0043   0.0088   0.0005   0.0096   0.0036   0.0000   0.0026   0.0005   0.0006   0.0022   0.0035   0.0009   0.0019   0.0004   0.0000   0.0000   0.0003 
  0.0000   0.0000   0.0000   0.0000   0.0000   0.0000   0.0000   0.0000   0.0000   0.0000   0.0000   0.0000   0.0001   0.0037   0.9149   0.0035   0.0110   0.0006   0.0093   0.0026   0.0000   0.0006   0.0005   0.0005   0.0002   0.0002   0.0007   0.0022   0.0002   0.0002   0.0002 
  0.0000   0.0000   0.0000   0.0000   0.0000   0.0000   0.0000   0.0000   0.0000   0.0000   0.0000   0.0000   0.0001   0.0006   0.0111   0.0035   0.9146   0.0036   0.0092   0.0005   0.0006   0.0000   0.0025   0.0005   0.0007   0.0002   0.0002   0.0020   0.0001   0.0001   0.0007 
  0.0000   0.0000   0.0000   0.0000   0.0000   0.0000   0.0000   0.0000   0.0000   0.0000   0.0000   0.0001   0.0001   0.0098   0.0005   0.0087   0.0042   0.8984   0.0037   0.0006   0.0005   0.0025   0.0000   0.0023   0.0019   0.0009   0.0036   0.0004   0.0001   0.0001   0.0001 
  0.0001   0.0014   0.0003   0.0002   0.0000   0.0001   0.0000   0.0008   0.0000   0.0000   0.0000   0.0066   0.0058   0.0092   0.0099   0.0026   0.0101   0.0095   0.8196   0.0022   0.0005   0.0005   0.0023   0.0000   1.2353   0.8162   1.2349   0.0007   0.0001   0.0001   0.0000 
  0.0001   0.0012   0.0003   0.0002   0.0001   0.0002   0.0000   0.0005   0.0000   0.0000   0.0000   0.0025   0.0050   0.0070   0.0014   0.0026   0.0029   0.0126   0.0816   0.0035   0.0002   0.0007   0.0019   1.2353   0.0000   0.1071   0.1516   0.0001   0.0001   0.0001   0.0000 
  0.0028   0.0198   0.0117   0.0029   0.0004   0.0025   0.0007   0.0108   0.0008   0.0000   0.0001   0.1772   0.4686   0.0062   0.0014   0.0022   0.0013   0.0065   0.0397   0.0009   0.0002   0.0002   0.0009   0.8162   0.1071   0.0000   0.1070   0.0001   0.0001   0.0001   0.0000 
  0.0001   0.0012   0.0003   0.0002   0.0001   0.0002   0.0000   0.0005   0.0000   0.0000   0.0000   0.0026   0.0051   0.0122   0.0029   0.0025   0.0014   0.0072   0.0817   0.0019   0.0007   0.0002   0.0036   1.2349   0.1516   0.1070   0.0000   0.0001   0.0001   0.0001   0.0000 
  0.0000   0.0000   0.0000   0.0000   0.0000   0.0000   0.0000   0.0000   0.0000   0.0000   0.0000   0.0000   0.0001   0.0101   0.0108   1.0336   0.0107   0.0090   0.0017   0.0004   0.0022   0.0020   0.0004   0.0007   0.0001   0.0001   0.0001   0.0000   0.9178   0.9205   0.9351 
  0.0000   0.0000   0.0000   0.0000   0.0000   0.0000   0.0000   0.0000   0.0000   0.0000   0.0000   0.0001   0.0002   0.0002   0.0064   0.0027   0.0126   0.0003   0.0042   0.0000   0.0002   0.0001   0.0001   0.0001   0.0001   0.0001   0.0001   0.9178   0.0000   0.0008   0.0008 
  0.0000   0.0000   0.0000   0.0000   0.0000   0.0000   0.0000   0.0000   0.0000   0.0000   0.0000   0.0001   0.0001   0.0002   0.0057   0.0027   0.0124   0.0003   0.0038   0.0000   0.0002   0.0001   0.0001   0.0001   0.0001   0.0001   0.0001   0.9205   0.0008   0.0000   0.0008 
  0.0000   0.0000   0.0000   0.0000   0.0000   0.0000   0.0000   0.0000   0.0000   0.0000   0.0000   0.0000   0.0000   0.0004   0.0081   0.0019   0.0018   0.0005   0.0001   0.0003   0.0002   0.0007   0.0001   0.0000   0.0000   0.0000   0.0000   0.9351   0.0008   0.0008   0.0000 

Freq:
   10.6972    18.4693    24.2661    31.9874    56.5666    58.0641    89.7777   118.4916   141.3413   157.4942   173.5466   236.6193   273.8129   300.6238   326.5512   372.2461   379.1593   407.7646   415.4758   420.0220   459.2473   473.8034   483.1461   530.2349   550.9543   571.0505   575.6891   627.5457   645.0669   656.6325   697.4311   724.0885   777.7752   781.4875   809.5374   824.2925   841.4919   845.2628   854.6350   961.9739   965.0616   989.2039  1001.2131  1001.8120  1011.6867  1025.4262  1026.5973  1042.2465  1050.8236  1057.7409  1101.0202  1115.5913  1126.4541  1149.9964  1179.0253  1194.3766  1199.0378  1226.5670  1228.6285  1317.0638  1331.2242  1346.0298  1360.5782  1397.2243  1423.5715  1462.0807  1472.8641  1475.4466  1495.6948  1516.5538  1614.4359  1617.4015  1627.7914  1640.4289  1993.6630  3028.2667  3084.5287  3116.4900  3168.2476  3173.4517  3185.4215  3197.7742  3204.8200  3209.3564  3209.9776  3215.0592  3245.2292 
