Sum of electronic and zero-point Energies=          -1302.542210
Sum of electronic and thermal Energies=             -1302.526312
Sum of electronic and thermal Enthalpies=           -1302.525368
Sum of electronic and thermal Free Energies=        -1302.591519

Wiberg:
  0.0000   1.4630   0.0154   0.0959   0.0123   1.4106   0.8987   0.0061   0.0004   0.0093   0.0128   0.0074   0.0001   0.0001   0.0001   0.0001   0.0007   0.0000   0.0000   0.0001   0.0037 
  1.4630   0.0000   1.2980   0.0424   0.0942   0.0248   0.0040   0.8761   0.0077   0.0004   0.0179   0.0641   0.0008   0.0004   0.0011   0.0006   0.0069   0.0000   0.0001   0.0002   0.0091 
  0.0154   1.2980   0.0000   1.2970   0.0161   0.0764   0.0090   0.0046   0.0038   0.0089   1.0581   0.1229   0.0002   0.0001   0.0001   0.0001   0.0013   0.0000   0.0000   0.0001   0.0004 
  0.0959   0.0424   1.2970   0.0000   1.4707   0.0234   0.0004   0.0074   0.8940   0.0039   0.0176   0.0624   0.0000   0.0000   0.0000   0.0000   0.0002   0.0000   0.0000   0.0000   0.0091 
  0.0123   0.0942   0.0161   1.4707   0.0000   1.4040   0.0094   0.0004   0.0055   0.8986   0.0131   0.0082   0.0000   0.0000   0.0000   0.0000   0.0001   0.0000   0.0000   0.0000   0.0037 
  1.4106   0.0248   0.0764   0.0234   1.4040   0.0000   0.0040   0.0091   0.0094   0.0041   0.0117   0.0450   0.0000   0.0000   0.0000   0.0000   0.0002   0.0000   0.0000   0.0000   0.9049 
  0.8987   0.0040   0.0090   0.0004   0.0094   0.0040   0.0000   0.0024   0.0003   0.0005   0.0007   0.0014   0.0000   0.0001   0.0001   0.0001   0.0002   0.0000   0.0000   0.0001   0.0026 
  0.0061   0.8761   0.0046   0.0074   0.0004   0.0091   0.0024   0.0000   0.0007   0.0003   0.0016   0.0004   0.0005   0.0002   0.0014   0.0013   0.0126   0.0001   0.0001   0.0007   0.0004 
  0.0004   0.0077   0.0038   0.8940   0.0055   0.0094   0.0003   0.0007   0.0000   0.0027   0.0020   0.0006   0.0000   0.0000   0.0000   0.0000   0.0001   0.0000   0.0000   0.0000   0.0005 
  0.0093   0.0004   0.0089   0.0039   0.8986   0.0041   0.0005   0.0003   0.0027   0.0000   0.0007   0.0013   0.0000   0.0000   0.0000   0.0000   0.0000   0.0000   0.0000   0.0000   0.0026 
  0.0128   0.0179   1.0581   0.0176   0.0131   0.0117   0.0007   0.0016   0.0020   0.0007   0.0000   2.7013   0.0006   0.0003   0.0002   0.0003   0.0040   0.0000   0.0001   0.0000   0.0004 
  0.0074   0.0641   0.1229   0.0624   0.0082   0.0450   0.0014   0.0004   0.0006   0.0013   2.7013   0.0000   0.0006   0.0002   0.0003   0.0003   0.0054   0.0000   0.0001   0.0000   0.0000 
  0.0001   0.0008   0.0002   0.0000   0.0000   0.0000   0.0000   0.0005   0.0000   0.0000   0.0006   0.0006   0.0000   0.6727   1.1592   1.1577   1.1224   0.0290   0.0291   0.0291   0.0000 
  0.0001   0.0004   0.0001   0.0000   0.0000   0.0000   0.0001   0.0002   0.0000   0.0000   0.0003   0.0002   0.6727   0.0000   0.0955   0.0954   0.0933   0.8633   0.8634   0.8626   0.0000 
  0.0001   0.0011   0.0001   0.0000   0.0000   0.0000   0.0001   0.0014   0.0000   0.0000   0.0002   0.0003   1.1592   0.0955   0.0000   0.1289   0.1243   0.0049   0.0049   0.0171   0.0000 
  0.0001   0.0006   0.0001   0.0000   0.0000   0.0000   0.0001   0.0013   0.0000   0.0000   0.0003   0.0003   1.1577   0.0954   0.1289   0.0000   0.1259   0.0173   0.0048   0.0048   0.0000 
  0.0007   0.0069   0.0013   0.0002   0.0001   0.0002   0.0002   0.0126   0.0001   0.0000   0.0040   0.0054   1.1224   0.0933   0.1243   0.1259   0.0000   0.0050   0.0169   0.0043   0.0001 
  0.0000   0.0000   0.0000   0.0000   0.0000   0.0000   0.0000   0.0001   0.0000   0.0000   0.0000   0.0000   0.0290   0.8633   0.0049   0.0173   0.0050   0.0000   0.0477   0.0476   0.0000 
  0.0000   0.0001   0.0000   0.0000   0.0000   0.0000   0.0000   0.0001   0.0000   0.0000   0.0001   0.0001   0.0291   0.8634   0.0049   0.0048   0.0169   0.0477   0.0000   0.0474   0.0000 
  0.0001   0.0002   0.0001   0.0000   0.0000   0.0000   0.0001   0.0007   0.0000   0.0000   0.0000   0.0000   0.0291   0.8626   0.0171   0.0048   0.0043   0.0476   0.0474   0.0000   0.0000 
  0.0037   0.0091   0.0004   0.0091   0.0037   0.9049   0.0026   0.0004   0.0005   0.0026   0.0004   0.0000   0.0000   0.0000   0.0000   0.0000   0.0001   0.0000   0.0000   0.0000   0.0000 

Freq:
   11.7797    15.7460    21.5304    40.5852    50.9584    56.5447    79.5450   149.9565   169.2267   181.1612   185.2674   275.5471   318.3707   319.0074   395.6557   403.8160   462.2346   466.1338   469.3084   537.5307   538.1894   541.0229   557.0894   566.8918   626.4928   681.0975   727.2695   768.6824   772.1807   848.9270   931.9717   974.0675  1007.6199  1010.3966  1037.5033  1040.2337  1105.6299  1112.0626  1112.5276  1125.8247  1134.1613  1148.9736  1155.1084  1181.7036  1198.7221  1339.3990  1371.8831  1475.7495  1477.8229  1606.0095  1609.9299  2360.6101  3204.7059  3213.4267  3219.1015  3224.2125  3235.9889 
