Sum of electronic and zero-point Energies=           -530.172009
Sum of electronic and thermal Energies=              -530.162079
Sum of electronic and thermal Enthalpies=            -530.161135
Sum of electronic and thermal Free Energies=         -530.208558

Wiberg:
  0.0000   1.4442   0.0150   0.1066   0.0117   1.4256   0.9123   0.0048   0.0104   0.0025   0.0037   0.0098   0.0005   0.0007   0.0001   0.0001   0.0000 
  1.4442   0.0000   1.3707   0.0201   0.1076   0.0126   0.0037   0.9069   0.0155   0.0391   0.0096   0.0005   0.0083   0.0050   0.0004   0.0010   0.0004 
  0.0150   1.3707   0.0000   1.3598   0.0147   0.0952   0.0090   0.0036   1.0033   0.0574   0.0006   0.0090   0.0046   0.0151   0.0011   0.0025   0.0018 
  0.1066   0.0201   1.3598   0.0000   1.4395   0.0138   0.0005   0.0094   0.0171   0.0406   0.0096   0.0039   0.8810   0.0131   0.0028   0.0072   0.0018 
  0.0117   0.1076   0.0147   1.4395   0.0000   1.4272   0.0098   0.0006   0.0100   0.0039   0.0037   0.9099   0.0056   0.0025   0.0003   0.0003   0.0001 
  1.4256   0.0126   0.0952   0.0138   1.4272   0.0000   0.0040   0.0098   0.0049   0.0229   0.9141   0.0038   0.0090   0.0038   0.0003   0.0008   0.0004 
  0.9123   0.0037   0.0090   0.0005   0.0098   0.0040   0.0000   0.0026   0.0005   0.0005   0.0025   0.0006   0.0003   0.0001   0.0000   0.0000   0.0000 
  0.0048   0.9069   0.0036   0.0094   0.0006   0.0098   0.0026   0.0000   0.0032   0.0008   0.0005   0.0004   0.0006   0.0010   0.0000   0.0002   0.0001 
  0.0104   0.0155   1.0033   0.0171   0.0100   0.0049   0.0005   0.0032   0.0000   2.3358   0.0005   0.0005   0.0023   0.1638   0.0062   0.0115   0.0123 
  0.0025   0.0391   0.0574   0.0406   0.0039   0.0229   0.0005   0.0008   2.3358   0.0000   0.0001   0.0008   0.0006   0.4946   0.0138   0.0243   0.0303 
  0.0037   0.0096   0.0006   0.0096   0.0037   0.9141   0.0025   0.0005   0.0005   0.0001   0.0000   0.0025   0.0004   0.0000   0.0000   0.0000   0.0000 
  0.0098   0.0005   0.0090   0.0039   0.9099   0.0038   0.0006   0.0004   0.0005   0.0008   0.0025   0.0000   0.0023   0.0006   0.0001   0.0003   0.0001 
  0.0005   0.0083   0.0046   0.8810   0.0056   0.0090   0.0003   0.0006   0.0023   0.0006   0.0004   0.0023   0.0000   0.0020   0.0028   0.0148   0.0017 
  0.0007   0.0050   0.0151   0.0131   0.0025   0.0038   0.0001   0.0010   0.1638   0.4946   0.0000   0.0006   0.0020   0.0000   1.2225   0.1880   0.0130 
  0.0001   0.0004   0.0011   0.0028   0.0003   0.0003   0.0000   0.0000   0.0062   0.0138   0.0000   0.0001   0.0028   1.2225   0.0000   1.6401   0.8784 
  0.0001   0.0010   0.0025   0.0072   0.0003   0.0008   0.0000   0.0002   0.0115   0.0243   0.0000   0.0003   0.0148   0.1880   1.6401   0.0000   0.0565 
  0.0000   0.0004   0.0018   0.0018   0.0001   0.0004   0.0000   0.0001   0.0123   0.0303   0.0000   0.0001   0.0017   0.0130   0.8784   0.0565   0.0000 

Freq:
   44.7271    61.7854   107.2153   123.1414   182.8270   222.0684   242.5719   357.4221   414.8430   449.3013   488.8472   559.7003   615.5088   640.8846   698.1358   761.9310   776.5345   778.9217   851.8118   948.5475   994.5977  1010.4088  1016.2971  1028.9170  1042.5899  1100.8744  1148.5076  1176.9328  1196.2894  1228.4327  1332.4858  1350.7358  1358.3446  1473.2746  1497.7724  1620.6125  1627.3853  1674.7120  1970.4493  2935.8215  3184.0173  3194.2873  3200.2989  3206.2712  3212.2272 
