Sum of electronic and zero-point Energies=          -1235.759261
Sum of electronic and thermal Energies=             -1235.740684
Sum of electronic and thermal Enthalpies=           -1235.739740
Sum of electronic and thermal Free Energies=        -1235.811530

Wiberg:
  0.0000   1.4574   0.0152   0.0972   0.0121   1.4149   0.8997   0.0067   0.0004   0.0093   0.0037   0.0127   0.0069   0.0001   0.0000   0.0000   0.0000   0.0000   0.0001   0.0002   0.0000   0.0000   0.0000   0.0001   0.0004   0.0008   0.0001   0.0000   0.0000   0.0000   0.0000 
  1.4574   0.0000   1.3015   0.0417   0.0941   0.0249   0.0041   0.8638   0.0077   0.0004   0.0092   0.0179   0.0636   0.0003   0.0000   0.0000   0.0000   0.0001   0.0005   0.0005   0.0000   0.0000   0.0000   0.0011   0.0079   0.0056   0.0011   0.0000   0.0000   0.0000   0.0000 
  0.0152   1.3015   0.0000   1.2955   0.0162   0.0766   0.0091   0.0054   0.0038   0.0089   0.0004   1.0553   0.1216   0.0001   0.0000   0.0000   0.0000   0.0000   0.0001   0.0003   0.0000   0.0000   0.0000   0.0002   0.0008   0.0014   0.0002   0.0000   0.0000   0.0000   0.0000 
  0.0972   0.0417   1.2955   0.0000   1.4729   0.0226   0.0004   0.0073   0.8948   0.0039   0.0091   0.0175   0.0620   0.0000   0.0000   0.0000   0.0000   0.0000   0.0000   0.0000   0.0000   0.0000   0.0000   0.0000   0.0004   0.0002   0.0001   0.0000   0.0000   0.0000   0.0000 
  0.0121   0.0941   0.0162   1.4729   0.0000   1.4017   0.0095   0.0004   0.0055   0.8991   0.0036   0.0131   0.0083   0.0000   0.0000   0.0000   0.0000   0.0000   0.0000   0.0001   0.0000   0.0000   0.0000   0.0000   0.0001   0.0001   0.0000   0.0000   0.0000   0.0000   0.0000 
  1.4149   0.0249   0.0766   0.0226   1.4017   0.0000   0.0039   0.0089   0.0095   0.0041   0.9055   0.0114   0.0443   0.0000   0.0000   0.0000   0.0000   0.0000   0.0000   0.0000   0.0000   0.0000   0.0000   0.0000   0.0001   0.0002   0.0000   0.0000   0.0000   0.0000   0.0000 
  0.8997   0.0041   0.0091   0.0004   0.0095   0.0039   0.0000   0.0022   0.0003   0.0005   0.0026   0.0007   0.0013   0.0000   0.0000   0.0000   0.0000   0.0000   0.0001   0.0000   0.0000   0.0000   0.0000   0.0001   0.0005   0.0002   0.0001   0.0000   0.0000   0.0000   0.0000 
  0.0067   0.8638   0.0054   0.0073   0.0004   0.0089   0.0022   0.0000   0.0007   0.0003   0.0004   0.0016   0.0004   0.0001   0.0000   0.0000   0.0001   0.0001   0.0011   0.0000   0.0000   0.0000   0.0000   0.0019   0.0169   0.0076   0.0023   0.0000   0.0000   0.0000   0.0000 
  0.0004   0.0077   0.0038   0.8948   0.0055   0.0095   0.0003   0.0007   0.0000   0.0027   0.0005   0.0019   0.0005   0.0000   0.0000   0.0000   0.0000   0.0000   0.0000   0.0000   0.0000   0.0000   0.0000   0.0000   0.0001   0.0001   0.0000   0.0000   0.0000   0.0000   0.0000 
  0.0093   0.0004   0.0089   0.0039   0.8991   0.0041   0.0005   0.0003   0.0027   0.0000   0.0026   0.0007   0.0013   0.0000   0.0000   0.0000   0.0000   0.0000   0.0000   0.0000   0.0000   0.0000   0.0000   0.0000   0.0000   0.0000   0.0000   0.0000   0.0000   0.0000   0.0000 
  0.0037   0.0092   0.0004   0.0091   0.0036   0.9055   0.0026   0.0004   0.0005   0.0026   0.0000   0.0004   0.0000   0.0000   0.0000   0.0000   0.0000   0.0000   0.0000   0.0000   0.0000   0.0000   0.0000   0.0000   0.0001   0.0001   0.0000   0.0000   0.0000   0.0000   0.0000 
  0.0127   0.0179   1.0553   0.0175   0.0131   0.0114   0.0007   0.0016   0.0019   0.0007   0.0004   0.0000   2.7035   0.0001   0.0000   0.0000   0.0000   0.0000   0.0002   0.0002   0.0000   0.0000   0.0000   0.0006   0.0011   0.0048   0.0003   0.0000   0.0000   0.0000   0.0000 
  0.0069   0.0636   0.1216   0.0620   0.0083   0.0443   0.0013   0.0004   0.0005   0.0013   0.0000   2.7035   0.0000   0.0001   0.0000   0.0000   0.0000   0.0000   0.0001   0.0001   0.0000   0.0000   0.0000   0.0010   0.0009   0.0068   0.0003   0.0000   0.0000   0.0000   0.0000 
  0.0001   0.0003   0.0001   0.0000   0.0000   0.0000   0.0000   0.0001   0.0000   0.0000   0.0000   0.0001   0.0001   0.0000   1.4630   0.0129   0.1079   0.0156   1.3847   0.9049   0.0036   0.0006   0.0100   0.0076   0.0078   0.0081   0.0105   0.0101   0.0002   0.0002   0.0003 
  0.0000   0.0000   0.0000   0.0000   0.0000   0.0000   0.0000   0.0000   0.0000   0.0000   0.0000   0.0000   0.0000   1.4630   0.0000   1.3786   0.0117   0.1079   0.0145   0.0043   0.9107   0.0111   0.0005   0.0095   0.0018   0.0019   0.0028   0.0110   0.0059   0.0060   0.0081 
  0.0000   0.0000   0.0000   0.0000   0.0000   0.0000   0.0000   0.0000   0.0000   0.0000   0.0000   0.0000   0.0000   0.0129   1.3786   0.0000   1.4171   0.0130   0.1024   0.0091   0.0035   0.0037   0.0086   0.0019   0.0045   0.0049   0.0015   1.0341   0.0028   0.0028   0.0019 
  0.0000   0.0000   0.0000   0.0000   0.0000   0.0000   0.0000   0.0001   0.0000   0.0000   0.0000   0.0000   0.0000   0.1079   0.0117   1.4171   0.0000   1.4172   0.0145   0.0005   0.0108   0.9106   0.0043   0.0099   0.0022   0.0022   0.0014   0.0113   0.0128   0.0128   0.0018 
  0.0000   0.0001   0.0000   0.0000   0.0000   0.0000   0.0000   0.0001   0.0000   0.0000   0.0000   0.0000   0.0000   0.0156   0.1079   0.0130   1.4172   0.0000   1.4225   0.0098   0.0006   0.0035   0.8986   0.0090   0.0140   0.0140   0.0067   0.0091   0.0002   0.0002   0.0005 
  0.0001   0.0005   0.0001   0.0000   0.0000   0.0000   0.0001   0.0011   0.0000   0.0000   0.0000   0.0002   0.0001   1.3847   0.0145   0.1024   0.0145   1.4225   0.0000   0.0035   0.0092   0.0090   0.0038   0.8083   0.0729   0.0736   0.0752   0.0019   0.0040   0.0041   0.0001 
  0.0002   0.0005   0.0003   0.0000   0.0001   0.0000   0.0000   0.0000   0.0000   0.0000   0.0000   0.0002   0.0001   0.9049   0.0043   0.0091   0.0005   0.0098   0.0035   0.0000   0.0026   0.0005   0.0007   0.0021   0.0017   0.0016   0.0016   0.0004   0.0000   0.0000   0.0003 
  0.0000   0.0000   0.0000   0.0000   0.0000   0.0000   0.0000   0.0000   0.0000   0.0000   0.0000   0.0000   0.0000   0.0036   0.9107   0.0035   0.0108   0.0006   0.0092   0.0026   0.0000   0.0006   0.0005   0.0005   0.0001   0.0001   0.0008   0.0022   0.0002   0.0002   0.0002 
  0.0000   0.0000   0.0000   0.0000   0.0000   0.0000   0.0000   0.0000   0.0000   0.0000   0.0000   0.0000   0.0000   0.0006   0.0111   0.0037   0.9106   0.0035   0.0090   0.0005   0.0006   0.0000   0.0025   0.0005   0.0005   0.0004   0.0002   0.0021   0.0001   0.0001   0.0007 
  0.0000   0.0000   0.0000   0.0000   0.0000   0.0000   0.0000   0.0000   0.0000   0.0000   0.0000   0.0000   0.0000   0.0100   0.0005   0.0086   0.0043   0.8986   0.0038   0.0007   0.0005   0.0025   0.0000   0.0024   0.0015   0.0014   0.0040   0.0004   0.0001   0.0001   0.0001 
  0.0001   0.0011   0.0002   0.0000   0.0000   0.0000   0.0001   0.0019   0.0000   0.0000   0.0000   0.0006   0.0010   0.0076   0.0095   0.0019   0.0099   0.0090   0.8083   0.0021   0.0005   0.0005   0.0024   0.0000   1.1032   1.0882   1.1299   0.0007   0.0001   0.0001   0.0000 
  0.0004   0.0079   0.0008   0.0004   0.0001   0.0001   0.0005   0.0169   0.0001   0.0000   0.0001   0.0011   0.0009   0.0078   0.0018   0.0045   0.0022   0.0140   0.0729   0.0017   0.0001   0.0005   0.0015   1.1032   0.0000   0.1205   0.1214   0.0001   0.0002   0.0002   0.0000 
  0.0008   0.0056   0.0014   0.0002   0.0001   0.0002   0.0002   0.0076   0.0001   0.0000   0.0001   0.0048   0.0068   0.0081   0.0019   0.0049   0.0022   0.0140   0.0736   0.0016   0.0001   0.0004   0.0014   1.0882   0.1205   0.0000   0.1216   0.0001   0.0002   0.0002   0.0000 
  0.0001   0.0011   0.0002   0.0001   0.0000   0.0000   0.0001   0.0023   0.0000   0.0000   0.0000   0.0003   0.0003   0.0105   0.0028   0.0015   0.0014   0.0067   0.0752   0.0016   0.0008   0.0002   0.0040   1.1299   0.1214   0.1216   0.0000   0.0001   0.0001   0.0001   0.0000 
  0.0000   0.0000   0.0000   0.0000   0.0000   0.0000   0.0000   0.0000   0.0000   0.0000   0.0000   0.0000   0.0000   0.0101   0.0110   1.0341   0.0113   0.0091   0.0019   0.0004   0.0022   0.0021   0.0004   0.0007   0.0001   0.0001   0.0001   0.0000   0.9172   0.9169   0.9330 
  0.0000   0.0000   0.0000   0.0000   0.0000   0.0000   0.0000   0.0000   0.0000   0.0000   0.0000   0.0000   0.0000   0.0002   0.0059   0.0028   0.0128   0.0002   0.0040   0.0000   0.0002   0.0001   0.0001   0.0001   0.0002   0.0002   0.0001   0.9172   0.0000   0.0009   0.0008 
  0.0000   0.0000   0.0000   0.0000   0.0000   0.0000   0.0000   0.0000   0.0000   0.0000   0.0000   0.0000   0.0000   0.0002   0.0060   0.0028   0.0128   0.0002   0.0041   0.0000   0.0002   0.0001   0.0001   0.0001   0.0002   0.0002   0.0001   0.9169   0.0009   0.0000   0.0008 
  0.0000   0.0000   0.0000   0.0000   0.0000   0.0000   0.0000   0.0000   0.0000   0.0000   0.0000   0.0000   0.0000   0.0003   0.0081   0.0019   0.0018   0.0005   0.0001   0.0003   0.0002   0.0007   0.0001   0.0000   0.0000   0.0000   0.0000   0.9330   0.0008   0.0008   0.0000 

Freq:
   11.3030    17.9389    20.1037    47.5749    53.8145    63.9264    64.8059    75.9170    90.0422   150.5791   161.6589   166.4516   211.3659   272.0264   308.8311   349.7414   380.2198   395.4928   405.2206   416.2679   461.5382   463.3304   495.1864   534.1888   536.3340   538.9109   561.0574   624.8849   641.3893   644.6817   678.1957   727.0733   767.7084   771.9990   809.1960   824.7501   847.2388   855.0353   935.5934   969.2934   977.3357   994.4919  1001.3413  1006.1603  1025.4138  1028.7490  1033.7127  1042.1124  1051.1452  1060.1271  1094.1727  1107.1115  1112.3096  1123.2264  1128.1628  1181.5917  1192.5081  1197.1864  1228.2333  1318.1069  1336.8717  1341.0055  1369.9500  1392.0269  1417.6060  1451.4837  1464.8417  1472.3728  1477.4995  1516.8115  1604.8802  1609.8045  1613.0204  1638.2238  2362.7046  3030.1906  3086.7700  3120.1279  3171.7111  3176.7290  3186.1741  3198.8321  3203.5002  3212.4858  3215.5597  3221.0481  3233.2561 
