Sum of electronic and zero-point Energies=           -801.275821
Sum of electronic and thermal Energies=              -801.267224
Sum of electronic and thermal Enthalpies=            -801.266279
Sum of electronic and thermal Free Energies=         -801.311523

Wiberg:
  0.0000   1.4647   0.0159   0.0967   0.0122   1.4097   0.9007   0.0053   0.0004   0.0094   0.0124   0.0062   0.0003   0.0037 
  1.4647   0.0000   1.3136   0.0385   0.0973   0.0216   0.0038   0.8950   0.0075   0.0004   0.0161   0.0572   0.0016   0.0092 
  0.0159   1.3136   0.0000   1.3024   0.0154   0.0793   0.0089   0.0039   0.0040   0.0090   1.0521   0.1107   0.0018   0.0005 
  0.0967   0.0385   1.3024   0.0000   1.4617   0.0225   0.0004   0.0079   0.8776   0.0040   0.0170   0.0626   0.0137   0.0091 
  0.0122   0.0973   0.0154   1.4617   0.0000   1.4116   0.0094   0.0004   0.0057   0.8997   0.0126   0.0074   0.0009   0.0037 
  1.4097   0.0216   0.0793   0.0225   1.4116   0.0000   0.0040   0.0095   0.0091   0.0040   0.0103   0.0422   0.0011   0.9056 
  0.9007   0.0038   0.0089   0.0004   0.0094   0.0040   0.0000   0.0027   0.0003   0.0005   0.0005   0.0008   0.0001   0.0026 
  0.0053   0.8950   0.0039   0.0079   0.0004   0.0095   0.0027   0.0000   0.0007   0.0003   0.0021   0.0007   0.0002   0.0005 
  0.0004   0.0075   0.0040   0.8776   0.0057   0.0091   0.0003   0.0007   0.0000   0.0024   0.0018   0.0004   0.0137   0.0004 
  0.0094   0.0004   0.0090   0.0040   0.8997   0.0040   0.0005   0.0003   0.0024   0.0000   0.0006   0.0014   0.0005   0.0026 
  0.0124   0.0161   1.0521   0.0170   0.0126   0.0103   0.0005   0.0021   0.0018   0.0006   0.0000   2.6455   0.0570   0.0004 
  0.0062   0.0572   0.1107   0.0626   0.0074   0.0422   0.0008   0.0007   0.0004   0.0014   2.6455   0.0000   0.0946   0.0000 
  0.0003   0.0016   0.0018   0.0137   0.0009   0.0011   0.0001   0.0002   0.0137   0.0005   0.0570   0.0946   0.0000   0.0001 
  0.0037   0.0092   0.0005   0.0091   0.0037   0.9056   0.0026   0.0005   0.0004   0.0026   0.0004   0.0000   0.0001   0.0000 

Freq:
   42.4110    52.6408    96.6713   152.1933   165.6526   393.4282   404.1541   460.5282   510.5826   548.4764   622.2885   680.9478   771.1356   771.5411   846.9214   968.8713  1005.8893  1007.3535  1035.0757  1036.5396  1101.9788  1127.9401  1180.5501  1194.6228  1333.2885  1368.9370  1472.0376  1482.6440  1607.1869  1612.7751  2298.7279  3191.6210  3203.2192  3215.2617  3220.6823  3233.7512 
