Sum of electronic and zero-point Energies=           -867.284259
Sum of electronic and thermal Energies=              -867.269770
Sum of electronic and thermal Enthalpies=            -867.268826
Sum of electronic and thermal Free Energies=         -867.332290

Wiberg:
  0.0000   1.4709   0.0163   0.0946   0.0121   1.4035   0.8992   0.0054   0.0131   0.0080   0.0036   0.0094   0.0004   0.0001   0.0000   0.0002   0.0000   0.0000   0.0000   0.0000 
  1.4709   0.0000   1.2987   0.0414   0.0971   0.0225   0.0039   0.8945   0.0172   0.0616   0.0091   0.0004   0.0074   0.0001   0.0001   0.0003   0.0000   0.0000   0.0000   0.0000 
  0.0163   1.2987   0.0000   1.3004   0.0151   0.0770   0.0090   0.0037   1.0574   0.1208   0.0005   0.0091   0.0048   0.0002   0.0003   0.0017   0.0002   0.0001   0.0001   0.0000 
  0.0946   0.0414   1.3004   0.0000   1.4598   0.0246   0.0004   0.0078   0.0181   0.0641   0.0091   0.0040   0.8667   0.0008   0.0005   0.0107   0.0017   0.0001   0.0001   0.0002 
  0.0121   0.0971   0.0151   1.4598   0.0000   1.4133   0.0093   0.0004   0.0126   0.0069   0.0037   0.8994   0.0063   0.0001   0.0001   0.0011   0.0001   0.0000   0.0000   0.0000 
  1.4035   0.0225   0.0770   0.0246   1.4133   0.0000   0.0040   0.0095   0.0113   0.0443   0.9054   0.0040   0.0089   0.0000   0.0000   0.0003   0.0000   0.0000   0.0000   0.0000 
  0.8992   0.0039   0.0090   0.0004   0.0093   0.0040   0.0000   0.0027   0.0007   0.0013   0.0026   0.0005   0.0003   0.0000   0.0000   0.0000   0.0000   0.0000   0.0000   0.0000 
  0.0054   0.8945   0.0037   0.0078   0.0004   0.0095   0.0027   0.0000   0.0017   0.0004   0.0005   0.0003   0.0007   0.0000   0.0000   0.0001   0.0000   0.0000   0.0000   0.0000 
  0.0131   0.0172   1.0574   0.0181   0.0126   0.0113   0.0007   0.0017   0.0000   2.6971   0.0004   0.0007   0.0015   0.0010   0.0006   0.0096   0.0005   0.0000   0.0000   0.0001 
  0.0080   0.0616   0.1208   0.0641   0.0069   0.0443   0.0013   0.0004   2.6971   0.0000   0.0000   0.0014   0.0003   0.0015   0.0005   0.0136   0.0007   0.0002   0.0002   0.0002 
  0.0036   0.0091   0.0005   0.0091   0.0037   0.9054   0.0026   0.0005   0.0004   0.0000   0.0000   0.0026   0.0004   0.0000   0.0000   0.0001   0.0000   0.0000   0.0000   0.0000 
  0.0094   0.0004   0.0091   0.0040   0.8994   0.0040   0.0005   0.0003   0.0007   0.0014   0.0026   0.0000   0.0023   0.0001   0.0001   0.0003   0.0001   0.0000   0.0000   0.0000 
  0.0004   0.0074   0.0048   0.8667   0.0063   0.0089   0.0003   0.0007   0.0015   0.0003   0.0004   0.0023   0.0000   0.0024   0.0015   0.0185   0.0032   0.0003   0.0003   0.0003 
  0.0001   0.0001   0.0002   0.0008   0.0001   0.0000   0.0000   0.0000   0.0010   0.0015   0.0000   0.0001   0.0024   0.0000   1.5022   0.2331   0.0710   0.0112   0.0112   0.0045 
  0.0000   0.0001   0.0003   0.0005   0.0001   0.0000   0.0000   0.0000   0.0006   0.0005   0.0000   0.0001   0.0015   1.5022   0.0000   1.4367   0.8726   0.0215   0.0215   0.0220 
  0.0002   0.0003   0.0017   0.0107   0.0011   0.0003   0.0000   0.0001   0.0096   0.0136   0.0001   0.0003   0.0185   0.2331   1.4367   0.0000   0.0692   0.0071   0.0071   0.0132 
  0.0000   0.0000   0.0002   0.0017   0.0001   0.0000   0.0000   0.0000   0.0005   0.0007   0.0000   0.0001   0.0032   0.0710   0.8726   0.0692   0.0000   0.8499   0.8499   0.8607 
  0.0000   0.0000   0.0001   0.0001   0.0000   0.0000   0.0000   0.0000   0.0000   0.0002   0.0000   0.0000   0.0003   0.0112   0.0215   0.0071   0.8499   0.0000   0.0462   0.0446 
  0.0000   0.0000   0.0001   0.0001   0.0000   0.0000   0.0000   0.0000   0.0000   0.0002   0.0000   0.0000   0.0003   0.0112   0.0215   0.0071   0.8499   0.0462   0.0000   0.0446 
  0.0000   0.0000   0.0000   0.0002   0.0000   0.0000   0.0000   0.0000   0.0001   0.0002   0.0000   0.0000   0.0003   0.0045   0.0220   0.0132   0.8607   0.0446   0.0446   0.0000 

Freq:
    8.8073    15.9168    25.0698    33.7293    54.2808    62.7809    69.8178   151.0484   168.6888   254.9168   255.3064   381.9681   393.8495   406.7074   421.3648   459.7397   499.7855   535.1469   562.1352   574.1180   625.6733   682.8680   696.1776   768.5481   772.1052   786.9506   798.0230   852.2660   974.5976  1004.9461  1020.5443  1037.4790  1043.0149  1056.0290  1099.2836  1105.4755  1125.7387  1174.3285  1181.7313  1197.0397  1338.1681  1370.9293  1399.6098  1474.3155  1478.2469  1605.1604  1610.4551  1680.2997  2359.7087  3185.2433  3203.3963  3214.5229  3219.9919  3227.6453 
