Sum of electronic and zero-point Energies=          -2915.199708
Sum of electronic and thermal Energies=             -2915.191717
Sum of electronic and thermal Enthalpies=           -2915.190772
Sum of electronic and thermal Free Energies=        -2915.235210

Wiberg:
  0.0000   1.4533   0.0143   0.1041   0.0117   1.4201   0.9119   0.0047   0.0005   0.0098   0.0105   0.0022   0.0007   0.0036 
  1.4533   0.0000   1.3539   0.0208   0.1048   0.0141   0.0038   0.9061   0.0082   0.0004   0.0158   0.0493   0.0049   0.0096 
  0.0143   1.3539   0.0000   1.3449   0.0147   0.0908   0.0092   0.0035   0.0043   0.0090   1.0303   0.0684   0.0194   0.0005 
  0.1041   0.0208   1.3449   0.0000   1.4446   0.0155   0.0004   0.0095   0.8697   0.0041   0.0131   0.0431   0.0382   0.0096 
  0.0117   0.1048   0.0147   1.4446   0.0000   1.4248   0.0097   0.0006   0.0054   0.9095   0.0107   0.0038   0.0032   0.0037 
  1.4201   0.0141   0.0908   0.0155   1.4248   0.0000   0.0039   0.0098   0.0088   0.0037   0.0042   0.0317   0.0053   0.9138 
  0.9119   0.0038   0.0092   0.0004   0.0097   0.0039   0.0000   0.0026   0.0004   0.0006   0.0005   0.0004   0.0000   0.0025 
  0.0047   0.9061   0.0035   0.0095   0.0006   0.0098   0.0026   0.0000   0.0006   0.0004   0.0037   0.0010   0.0016   0.0005 
  0.0005   0.0082   0.0043   0.8697   0.0054   0.0088   0.0004   0.0006   0.0000   0.0022   0.0020   0.0010   0.0274   0.0004 
  0.0098   0.0004   0.0090   0.0041   0.9095   0.0037   0.0006   0.0004   0.0022   0.0000   0.0004   0.0005   0.0015   0.0025 
  0.0105   0.0158   1.0303   0.0131   0.0107   0.0042   0.0005   0.0037   0.0020   0.0004   0.0000   2.2666   0.2683   0.0005 
  0.0022   0.0493   0.0684   0.0431   0.0038   0.0317   0.0004   0.0010   0.0010   0.0005   2.2666   0.0000   0.6130   0.0001 
  0.0007   0.0049   0.0194   0.0382   0.0032   0.0053   0.0000   0.0016   0.0274   0.0015   0.2683   0.6130   0.0000   0.0002 
  0.0036   0.0096   0.0005   0.0096   0.0037   0.9138   0.0025   0.0005   0.0004   0.0025   0.0005   0.0001   0.0002   0.0000 

Freq:
   19.9200   114.6619   163.0033   167.6200   376.3566   403.1375   417.4256   466.8619   562.4956   587.9942   630.2107   696.8768   774.0785   781.8233   856.1614   963.4251  1004.7783  1010.8979  1031.1391  1040.7370  1100.3843  1131.4468  1177.9276  1197.9728  1329.9542  1362.6309  1471.7157  1496.7529  1615.4110  1626.1773  1915.9351  3183.8708  3195.5530  3202.1404  3210.4453  3212.6973 
