Sum of electronic and zero-point Energies=           -416.838124
Sum of electronic and thermal Energies=              -416.830715
Sum of electronic and thermal Enthalpies=            -416.829771
Sum of electronic and thermal Free Energies=         -416.871194

Wiberg:
  0.0000   1.4535   0.0123   0.1055   0.0120   1.4214   0.9150   0.0043   0.0106   0.0009   0.0037   0.0100   0.0005   0.0005   0.0000 
  1.4535   0.0000   1.3581   0.0140   0.1048   0.0131   0.0040   0.9072   0.0180   0.0509   0.0099   0.0005   0.0090   0.0072   0.0002 
  0.0123   1.3581   0.0000   1.3525   0.0135   0.0951   0.0095   0.0034   1.0728   0.0553   0.0005   0.0092   0.0036   0.0107   0.0002 
  0.1055   0.0140   1.3525   0.0000   1.4465   0.0128   0.0005   0.0101   0.0194   0.0413   0.0098   0.0039   0.8976   0.0227   0.0013 
  0.0120   0.1048   0.0135   1.4465   0.0000   1.4251   0.0099   0.0006   0.0108   0.0022   0.0038   0.9147   0.0046   0.0036   0.0001 
  1.4214   0.0131   0.0951   0.0128   1.4251   0.0000   0.0038   0.0100   0.0021   0.0310   0.9167   0.0037   0.0094   0.0067   0.0001 
  0.9150   0.0040   0.0095   0.0005   0.0099   0.0038   0.0000   0.0027   0.0004   0.0004   0.0025   0.0007   0.0004   0.0000   0.0000 
  0.0043   0.9072   0.0034   0.0101   0.0006   0.0100   0.0027   0.0000   0.0056   0.0017   0.0005   0.0004   0.0007   0.0005   0.0000 
  0.0106   0.0180   1.0728   0.0194   0.0108   0.0021   0.0004   0.0056   0.0000   1.9268   0.0004   0.0010   0.0019   0.1848   0.0091 
  0.0009   0.0509   0.0553   0.0413   0.0022   0.0310   0.0004   0.0017   1.9268   0.0000   0.0001   0.0003   0.0015   0.9612   0.0019 
  0.0037   0.0099   0.0005   0.0098   0.0038   0.9167   0.0025   0.0005   0.0004   0.0001   0.0000   0.0025   0.0004   0.0001   0.0000 
  0.0100   0.0005   0.0092   0.0039   0.9147   0.0037   0.0007   0.0004   0.0010   0.0003   0.0025   0.0000   0.0026   0.0003   0.0000 
  0.0005   0.0090   0.0036   0.8976   0.0046   0.0094   0.0004   0.0007   0.0019   0.0015   0.0004   0.0026   0.0000   0.0051   0.0003 
  0.0005   0.0072   0.0107   0.0227   0.0036   0.0067   0.0000   0.0005   0.1848   0.9612   0.0001   0.0003   0.0051   0.0000   0.7451 
  0.0000   0.0002   0.0002   0.0013   0.0001   0.0001   0.0000   0.0000   0.0091   0.0019   0.0000   0.0000   0.0003   0.7451   0.0000 

Freq:
   21.7883   173.3977   233.5987   325.9017   413.7314   419.4930   477.5573   509.3448   622.3424   629.0645   697.1108   702.2052   759.0457   791.2452   844.5630   851.8064   953.9502   995.2522  1006.7403  1015.7627  1046.4350  1103.4039  1158.3874  1173.6252  1199.7424  1306.8078  1327.7019  1351.8384  1466.6900  1497.5469  1610.9356  1626.2557  1703.6545  3175.5876  3186.1471  3196.9154  3208.1623  3285.7159  3792.3350 
