Sum of electronic and zero-point Energies=          -2915.218333
Sum of electronic and thermal Energies=             -2915.209701
Sum of electronic and thermal Enthalpies=           -2915.208757
Sum of electronic and thermal Free Energies=        -2915.255164

Wiberg:
  0.0000   1.4634   0.0157   0.0972   0.0122   1.4111   0.9010   0.0053   0.0004   0.0094   0.0122   0.0059   0.0003   0.0037 
  1.4634   0.0000   1.3159   0.0376   0.0973   0.0214   0.0039   0.8952   0.0076   0.0004   0.0161   0.0565   0.0024   0.0092 
  0.0157   1.3159   0.0000   1.3043   0.0155   0.0800   0.0089   0.0039   0.0039   0.0089   1.0507   0.1083   0.0024   0.0005 
  0.0972   0.0376   1.3043   0.0000   1.4621   0.0219   0.0004   0.0079   0.8811   0.0040   0.0165   0.0612   0.0141   0.0091 
  0.0122   0.0973   0.0155   1.4621   0.0000   1.4112   0.0094   0.0004   0.0056   0.8999   0.0126   0.0074   0.0009   0.0037 
  1.4111   0.0214   0.0800   0.0219   1.4112   0.0000   0.0040   0.0095   0.0092   0.0040   0.0100   0.0416   0.0014   0.9057 
  0.9010   0.0039   0.0089   0.0004   0.0094   0.0040   0.0000   0.0027   0.0003   0.0005   0.0005   0.0008   0.0001   0.0026 
  0.0053   0.8952   0.0039   0.0079   0.0004   0.0095   0.0027   0.0000   0.0007   0.0003   0.0021   0.0007   0.0003   0.0005 
  0.0004   0.0076   0.0039   0.8811   0.0056   0.0092   0.0003   0.0007   0.0000   0.0024   0.0018   0.0003   0.0123   0.0004 
  0.0094   0.0004   0.0089   0.0040   0.8999   0.0040   0.0005   0.0003   0.0024   0.0000   0.0006   0.0013   0.0006   0.0026 
  0.0122   0.0161   1.0507   0.0165   0.0126   0.0100   0.0005   0.0021   0.0018   0.0006   0.0000   2.6194   0.0796   0.0004 
  0.0059   0.0565   0.1083   0.0612   0.0074   0.0416   0.0008   0.0007   0.0003   0.0013   2.6194   0.0000   0.1320   0.0000 
  0.0003   0.0024   0.0024   0.0141   0.0009   0.0014   0.0001   0.0003   0.0123   0.0006   0.0796   0.1320   0.0000   0.0001 
  0.0037   0.0092   0.0005   0.0091   0.0037   0.9057   0.0026   0.0005   0.0004   0.0026   0.0004   0.0000   0.0001   0.0000 

Freq:
   37.9504    45.6911    77.6972   153.8426   178.1703   394.8035   406.2049   462.6931   503.8559   549.7022   622.5911   682.2041   771.0304   771.4235   846.2096   968.0675  1004.4586  1006.8777  1035.8015  1037.2472  1106.1034  1130.0923  1184.8531  1198.4467  1335.6859  1369.3706  1474.2699  1484.3909  1608.5875  1613.7424  2266.2019  3196.8517  3203.3877  3215.1607  3220.6115  3235.4908 
