Sum of electronic and zero-point Energies=           -569.488550
Sum of electronic and thermal Energies=              -569.476140
Sum of electronic and thermal Enthalpies=            -569.475196
Sum of electronic and thermal Free Energies=         -569.531416

Wiberg:
  0.0000   1.4543   0.0153   0.1010   0.0120   1.4195   0.9035   0.0051   0.0112   0.0039   0.0037   0.0095   0.0004   0.0002   0.0000   0.0001   0.0000   0.0000   0.0000   0.0000 
  1.4543   0.0000   1.3367   0.0319   0.0995   0.0187   0.0038   0.8976   0.0156   0.0531   0.0093   0.0004   0.0077   0.0015   0.0001   0.0012   0.0002   0.0000   0.0000   0.0000 
  0.0153   1.3367   0.0000   1.3178   0.0153   0.0847   0.0089   0.0038   1.0382   0.0900   0.0005   0.0090   0.0042   0.0055   0.0004   0.0010   0.0007   0.0000   0.0000   0.0001 
  0.1010   0.0319   1.3178   0.0000   1.4591   0.0191   0.0004   0.0084   0.0140   0.0558   0.0092   0.0039   0.8845   0.0115   0.0015   0.0029   0.0011   0.0001   0.0000   0.0001 
  0.0120   0.0995   0.0153   1.4591   0.0000   1.4128   0.0095   0.0004   0.0119   0.0065   0.0037   0.9021   0.0057   0.0011   0.0001   0.0002   0.0001   0.0000   0.0000   0.0000 
  1.4195   0.0187   0.0847   0.0191   1.4128   0.0000   0.0040   0.0095   0.0078   0.0375   0.9072   0.0039   0.0092   0.0004   0.0001   0.0011   0.0001   0.0000   0.0000   0.0000 
  0.9035   0.0038   0.0089   0.0004   0.0095   0.0040   0.0000   0.0027   0.0005   0.0005   0.0026   0.0005   0.0003   0.0000   0.0000   0.0000   0.0000   0.0000   0.0000   0.0000 
  0.0051   0.8976   0.0038   0.0084   0.0004   0.0095   0.0027   0.0000   0.0024   0.0007   0.0005   0.0003   0.0007   0.0005   0.0000   0.0001   0.0001   0.0000   0.0000   0.0000 
  0.0112   0.0156   1.0382   0.0140   0.0119   0.0078   0.0005   0.0024   0.0000   2.5383   0.0005   0.0004   0.0018   0.1121   0.0038   0.0133   0.0095   0.0002   0.0001   0.0010 
  0.0039   0.0531   0.0900   0.0558   0.0065   0.0375   0.0005   0.0007   2.5383   0.0000   0.0001   0.0012   0.0004   0.2086   0.0046   0.0223   0.0186   0.0003   0.0003   0.0010 
  0.0037   0.0093   0.0005   0.0092   0.0037   0.9072   0.0026   0.0005   0.0005   0.0001   0.0000   0.0025   0.0004   0.0000   0.0000   0.0000   0.0000   0.0000   0.0000   0.0000 
  0.0095   0.0004   0.0090   0.0039   0.9021   0.0039   0.0005   0.0003   0.0004   0.0012   0.0025   0.0000   0.0024   0.0007   0.0000   0.0001   0.0001   0.0000   0.0000   0.0000 
  0.0004   0.0077   0.0042   0.8845   0.0057   0.0092   0.0003   0.0007   0.0018   0.0004   0.0004   0.0024   0.0000   0.0099   0.0006   0.0014   0.0006   0.0000   0.0000   0.0000 
  0.0002   0.0015   0.0055   0.0115   0.0011   0.0004   0.0000   0.0005   0.1121   0.2086   0.0000   0.0007   0.0099   0.0000   1.3348   0.1932   0.0296   0.0030   0.0085   0.0116 
  0.0000   0.0001   0.0004   0.0015   0.0001   0.0001   0.0000   0.0000   0.0038   0.0046   0.0000   0.0000   0.0006   1.3348   0.0000   1.4991   0.9787   0.0041   0.0058   0.0039 
  0.0001   0.0012   0.0010   0.0029   0.0002   0.0011   0.0000   0.0001   0.0133   0.0223   0.0000   0.0001   0.0014   0.1932   1.4991   0.0000   0.0469   0.0142   0.0118   0.0030 
  0.0000   0.0002   0.0007   0.0011   0.0001   0.0001   0.0000   0.0001   0.0095   0.0186   0.0000   0.0001   0.0006   0.0296   0.9787   0.0469   0.0000   0.9279   0.9170   0.9294 
  0.0000   0.0000   0.0000   0.0001   0.0000   0.0000   0.0000   0.0000   0.0002   0.0003   0.0000   0.0000   0.0000   0.0030   0.0041   0.0142   0.9279   0.0000   0.0009   0.0007 
  0.0000   0.0000   0.0000   0.0000   0.0000   0.0000   0.0000   0.0000   0.0001   0.0003   0.0000   0.0000   0.0000   0.0085   0.0058   0.0118   0.9170   0.0009   0.0000   0.0009 
  0.0000   0.0000   0.0001   0.0001   0.0000   0.0000   0.0000   0.0000   0.0010   0.0010   0.0000   0.0000   0.0000   0.0116   0.0039   0.0030   0.9294   0.0007   0.0009   0.0000 

Freq:
   16.7883    27.3590    35.0493    47.7769    75.3178    92.9141   130.6497   169.0534   255.2601   398.3317   410.6412   450.8450   467.8496   507.0192   552.1312   605.2942   623.1021   642.0272   684.7535   772.3908   773.0467   848.2130   908.3286   964.3453  1002.7945  1006.7358  1008.0741  1031.6582  1036.0271  1036.1637  1098.4726  1130.6539  1178.7513  1192.1584  1325.7198  1334.8330  1364.8566  1368.7598  1425.7872  1441.9552  1472.7563  1485.7943  1559.0472  1610.6437  1619.5957  2187.8375  3036.9674  3108.0208  3135.8627  3197.9307  3208.6778  3214.5616  3221.2896  3226.7819 
