Sum of electronic and zero-point Energies=           -530.193563
Sum of electronic and thermal Energies=              -530.182453
Sum of electronic and thermal Enthalpies=            -530.181509
Sum of electronic and thermal Free Energies=         -530.233800

Wiberg:
  0.0000   1.4707   0.0163   0.0948   0.0120   1.4037   0.8995   0.0054   0.0130   0.0079   0.0036   0.0095   0.0004   0.0004   0.0000   0.0001   0.0000 
  1.4707   0.0000   1.3004   0.0405   0.0978   0.0220   0.0039   0.8950   0.0170   0.0610   0.0091   0.0004   0.0074   0.0005   0.0001   0.0001   0.0000 
  0.0163   1.3004   0.0000   1.3029   0.0151   0.0777   0.0090   0.0037   1.0554   0.1185   0.0005   0.0092   0.0048   0.0022   0.0003   0.0003   0.0001 
  0.0948   0.0405   1.3029   0.0000   1.4579   0.0243   0.0004   0.0078   0.0179   0.0639   0.0091   0.0040   0.8653   0.0125   0.0010   0.0019   0.0004 
  0.0120   0.0978   0.0151   1.4579   0.0000   1.4147   0.0093   0.0004   0.0124   0.0065   0.0037   0.8997   0.0063   0.0015   0.0001   0.0002   0.0001 
  1.4037   0.0220   0.0777   0.0243   1.4147   0.0000   0.0040   0.0095   0.0110   0.0437   0.9056   0.0039   0.0089   0.0005   0.0000   0.0001   0.0000 
  0.8995   0.0039   0.0090   0.0004   0.0093   0.0040   0.0000   0.0027   0.0007   0.0012   0.0026   0.0005   0.0003   0.0001   0.0000   0.0000   0.0000 
  0.0054   0.8950   0.0037   0.0078   0.0004   0.0095   0.0027   0.0000   0.0017   0.0004   0.0005   0.0003   0.0007   0.0001   0.0000   0.0000   0.0000 
  0.0130   0.0170   1.0554   0.0179   0.0124   0.0110   0.0007   0.0017   0.0000   2.6926   0.0004   0.0007   0.0016   0.0156   0.0008   0.0009   0.0015 
  0.0079   0.0610   0.1185   0.0639   0.0065   0.0437   0.0012   0.0004   2.6926   0.0000   0.0000   0.0014   0.0004   0.0236   0.0009   0.0013   0.0022 
  0.0036   0.0091   0.0005   0.0091   0.0037   0.9056   0.0026   0.0005   0.0004   0.0000   0.0000   0.0026   0.0004   0.0001   0.0000   0.0000   0.0000 
  0.0095   0.0004   0.0092   0.0040   0.8997   0.0039   0.0005   0.0003   0.0007   0.0014   0.0026   0.0000   0.0023   0.0003   0.0000   0.0002   0.0000 
  0.0004   0.0074   0.0048   0.8653   0.0063   0.0089   0.0003   0.0007   0.0016   0.0004   0.0004   0.0023   0.0000   0.0214   0.0007   0.0036   0.0003 
  0.0004   0.0005   0.0022   0.0125   0.0015   0.0005   0.0001   0.0001   0.0156   0.0236   0.0001   0.0003   0.0214   0.0000   1.4238   0.2125   0.0578 
  0.0000   0.0001   0.0003   0.0010   0.0001   0.0000   0.0000   0.0000   0.0008   0.0009   0.0000   0.0000   0.0007   1.4238   0.0000   1.4848   0.8897 
  0.0001   0.0001   0.0003   0.0019   0.0002   0.0001   0.0000   0.0000   0.0009   0.0013   0.0000   0.0002   0.0036   0.2125   1.4848   0.0000   0.0603 
  0.0000   0.0000   0.0001   0.0004   0.0001   0.0000   0.0000   0.0000   0.0015   0.0022   0.0000   0.0000   0.0003   0.0578   0.8897   0.0603   0.0000 

Freq:
   25.6937    45.3300    57.1114    66.9139    89.4536   107.3788   152.1653   167.5440   395.4839   408.0204   460.2360   531.7861   563.1641   625.0812   683.8068   740.6027   768.9323   772.2871   854.8727   975.5286  1004.7597  1023.1616  1037.7960  1044.4509  1054.6401  1100.9578  1124.7355  1180.4781  1194.8869  1334.2915  1344.7484  1369.8507  1376.7238  1473.1000  1477.3185  1585.7418  1605.8229  1610.8242  2355.8781  2801.0590  3178.4389  3203.2133  3214.9282  3220.3051  3230.5327 
