Sum of electronic and zero-point Energies=           -765.494805
Sum of electronic and thermal Energies=              -765.482363
Sum of electronic and thermal Enthalpies=            -765.481419
Sum of electronic and thermal Free Energies=         -765.535611

Wiberg:
  0.0000   1.4392   0.0151   0.1038   0.0116   1.4288   0.9030   0.0061   0.0004   0.0094   0.0112   0.0037   0.0002   0.0002   0.0001   0.0029   0.0011   0.0038 
  1.4392   0.0000   1.3215   0.0346   0.0950   0.0247   0.0041   0.8519   0.0082   0.0005   0.0163   0.0595   0.0008   0.0016   0.0005   0.0060   0.0125   0.0094 
  0.0151   1.3215   0.0000   1.3105   0.0179   0.0814   0.0092   0.0054   0.0036   0.0090   1.0337   0.1038   0.0006   0.0003   0.0004   0.0025   0.0016   0.0005 
  0.1038   0.0346   1.3105   0.0000   1.4695   0.0167   0.0004   0.0071   0.9047   0.0038   0.0159   0.0582   0.0001   0.0011   0.0001   0.0021   0.0003   0.0092 
  0.0116   0.0950   0.0179   1.4695   0.0000   1.4025   0.0096   0.0004   0.0054   0.9057   0.0127   0.0079   0.0001   0.0001   0.0001   0.0011   0.0001   0.0035 
  1.4288   0.0247   0.0814   0.0167   1.4025   0.0000   0.0038   0.0084   0.0098   0.0040   0.0083   0.0381   0.0001   0.0005   0.0001   0.0005   0.0004   0.9106 
  0.9030   0.0041   0.0092   0.0004   0.0096   0.0038   0.0000   0.0023   0.0003   0.0005   0.0005   0.0010   0.0000   0.0001   0.0000   0.0000   0.0003   0.0026 
  0.0061   0.8519   0.0054   0.0071   0.0004   0.0084   0.0023   0.0000   0.0007   0.0003   0.0018   0.0004   0.0008   0.0010   0.0005   0.0022   0.0210   0.0004 
  0.0004   0.0082   0.0036   0.9047   0.0054   0.0098   0.0003   0.0007   0.0000   0.0027   0.0019   0.0006   0.0000   0.0000   0.0000   0.0001   0.0001   0.0005 
  0.0094   0.0005   0.0090   0.0038   0.9057   0.0040   0.0005   0.0003   0.0027   0.0000   0.0007   0.0013   0.0000   0.0000   0.0000   0.0000   0.0000   0.0025 
  0.0112   0.0163   1.0337   0.0159   0.0127   0.0083   0.0005   0.0018   0.0019   0.0007   0.0000   2.7049   0.0018   0.0192   0.0013   0.0079   0.0043   0.0005 
  0.0037   0.0595   0.1038   0.0582   0.0079   0.0381   0.0010   0.0004   0.0006   0.0013   2.7049   0.0000   0.0020   0.0293   0.0015   0.0081   0.0034   0.0000 
  0.0002   0.0008   0.0006   0.0001   0.0001   0.0001   0.0000   0.0008   0.0000   0.0000   0.0018   0.0020   0.0000   0.6201   0.6801   0.5816   0.5750   0.0000 
  0.0002   0.0016   0.0003   0.0011   0.0001   0.0005   0.0001   0.0010   0.0000   0.0000   0.0192   0.0293   0.6201   0.0000   0.0196   0.0180   0.0177   0.0000 
  0.0001   0.0005   0.0004   0.0001   0.0001   0.0001   0.0000   0.0005   0.0000   0.0000   0.0013   0.0015   0.6801   0.0196   0.0000   0.0191   0.0189   0.0000 
  0.0029   0.0060   0.0025   0.0021   0.0011   0.0005   0.0000   0.0022   0.0001   0.0000   0.0079   0.0081   0.5816   0.0180   0.0191   0.0000   0.0179   0.0000 
  0.0011   0.0125   0.0016   0.0003   0.0001   0.0004   0.0003   0.0210   0.0001   0.0000   0.0043   0.0034   0.5750   0.0177   0.0189   0.0179   0.0000   0.0001 
  0.0038   0.0094   0.0005   0.0092   0.0035   0.9106   0.0026   0.0004   0.0005   0.0025   0.0005   0.0000   0.0000   0.0000   0.0000   0.0000   0.0001   0.0000 

Freq:
   28.0446    38.7429    65.7449    90.5603   116.9577   126.7645   158.5519   214.2921   326.0737   338.7646   387.5441   407.7685   459.9752   478.0230   481.3627   491.8547   525.5001   547.3871   626.8276   678.7552   722.7959   763.6259   766.4904   846.7849   941.2867   961.0558   999.6591  1010.2353  1016.9302  1030.2131  1040.2695  1110.5287  1118.7758  1157.1856  1183.7825  1202.3123  1339.4064  1368.9058  1477.2685  1482.3029  1610.2809  1618.8835  2363.8730  3192.6607  3203.7896  3206.5051  3214.0756  3219.8910 
