Sum of electronic and zero-point Energies=           -440.877913
Sum of electronic and thermal Energies=              -440.869881
Sum of electronic and thermal Enthalpies=            -440.868937
Sum of electronic and thermal Free Energies=         -440.911340

Wiberg:
  0.0000   1.4545   0.0152   0.1013   0.0118   1.4195   0.9046   0.0051   0.0004   0.0095   0.0113   0.0036   0.0002   0.0037 
  1.4545   0.0000   1.3396   0.0296   0.1007   0.0178   0.0038   0.8989   0.0078   0.0004   0.0158   0.0528   0.0025   0.0094 
  0.0152   1.3396   0.0000   1.3207   0.0149   0.0851   0.0090   0.0039   0.0040   0.0091   1.0429   0.0874   0.0063   0.0005 
  0.1013   0.0296   1.3207   0.0000   1.4570   0.0187   0.0004   0.0086   0.8783   0.0040   0.0139   0.0556   0.0193   0.0093 
  0.0118   0.1007   0.0149   1.4570   0.0000   1.4150   0.0096   0.0005   0.0056   0.9033   0.0115   0.0058   0.0022   0.0037 
  1.4195   0.0178   0.0851   0.0187   1.4150   0.0000   0.0040   0.0096   0.0091   0.0039   0.0075   0.0371   0.0019   0.9079 
  0.9046   0.0038   0.0090   0.0004   0.0096   0.0040   0.0000   0.0026   0.0003   0.0006   0.0005   0.0004   0.0000   0.0026 
  0.0051   0.8989   0.0039   0.0086   0.0005   0.0096   0.0026   0.0000   0.0007   0.0003   0.0024   0.0010   0.0004   0.0005 
  0.0004   0.0078   0.0040   0.8783   0.0056   0.0091   0.0003   0.0007   0.0000   0.0025   0.0020   0.0009   0.0106   0.0004 
  0.0095   0.0004   0.0091   0.0040   0.9033   0.0039   0.0006   0.0003   0.0025   0.0000   0.0004   0.0012   0.0007   0.0026 
  0.0113   0.0158   1.0429   0.0139   0.0115   0.0075   0.0005   0.0024   0.0020   0.0004   0.0000   2.4920   0.1486   0.0004 
  0.0036   0.0528   0.0874   0.0556   0.0058   0.0371   0.0004   0.0010   0.0009   0.0012   2.4920   0.0000   0.3013   0.0001 
  0.0002   0.0025   0.0063   0.0193   0.0022   0.0019   0.0000   0.0004   0.0106   0.0007   0.1486   0.3013   0.0000   0.0001 
  0.0037   0.0094   0.0005   0.0093   0.0037   0.9079   0.0026   0.0005   0.0004   0.0026   0.0004   0.0001   0.0001   0.0000 

Freq:
   55.2104   112.9725   165.3168   175.7853   294.7430   401.5529   413.6614   469.9447   544.6465   562.4517   625.6945   688.5415   776.3696   776.5691   851.5799   966.6051  1006.9839  1007.3536  1033.1676  1036.6465  1093.9125  1136.3858  1179.7335  1192.3711  1328.7006  1363.2594  1472.9562  1486.2344  1610.4029  1620.0735  2140.7540  3195.6752  3206.1059  3212.2581  3216.3911  3225.3311 
